2 0.059096199999999044 96
5 2.420000000569189e-05 600
10 3.5999999994373866e-06 2400
12 4.199999999343618e-06 3456
15 3.800000001774606e-06 5400
20 6.900000002474371e-06 9600
30 5.7999999967250915e-06 21600
40 7.699999997612395e-06 38400
45 7.899999999949614e-06 48600
50 1.0099999997237319e-05 60000
55 1.0700000004248977e-05 72600
125 0.00042819999999466063 375000
160 0.0003105999999988285 614400
200 0.00041900000000083537 960000
250 0.0009049999999959368 1500000
350 0.0016267000000027565 2940000
500 0.0036904000000035353 6000000
600 0.0038691000000028453 8640000
800 0.0074175999999965825 15360000
1000 0.011277399999997328 24000000
2000 0.06157540000000239 96000000
5000 0.7760895999999988 600000000
10000 6.629391899999995 2400000000
