2 0.06763289999999245 96
5 2.099999998961266e-05 600
10 3.699999993500569e-06 2400
12 3.6000000136482413e-06 3456
15 3.800000001774606e-06 5400
20 6.700000000137152e-06 9600
30 5.900000004999129e-06 21600
40 7.400000001211993e-06 38400
45 7.600000003549212e-06 48600
50 1.0000000003174137e-05 60000
55 1.0600000010185795e-05 72600
125 0.000255600000002687 375000
160 0.00023699999999848842 614400
200 0.0003128000000032216 960000
250 0.0008622000000002572 1500000
350 0.0017618000000112488 2940000
500 0.003789199999999937 6000000
600 0.005146699999997395 8640000
800 0.00716269999999497 15360000
1000 0.011023000000008665 24000000
2000 0.06320000000000903 96000000
5000 0.7791502999999977 600000000
10000 6.604054000000005 2400000000
