2 0.05961689999999997 96
5 2.5399999998398926e-05 600
10 3.900000001166859e-06 2400
12 3.4000000006528808e-06 3456
15 4.39999999990448e-06 5400
20 3.7000000006059963e-06 9600
30 7.09999999948252e-06 21600
40 1.689999999854308e-05 38400
45 8.19999999990273e-06 48600
50 1.7799999998402427e-05 60000
55 2.19999999995224e-05 72600
125 0.0003080999999998113 375000
160 0.0003321000000013896 614400
200 0.0006365999999999872 960000
250 0.0003925000000002399 1500000
350 0.0015540999999998917 2940000
500 0.004153699999999816 6000000
600 0.007008100000000184 8640000
800 0.007628000000000412 15360000
1000 0.011007600000001005 24000000
2000 0.06641530000000095 96000000
5000 0.7681222999999999 600000000
10000 6.667890700000001 2400000000
