2 0.00012210000000001386 96
5 5.800000000000249e-06 600
10 3.7999999999982492e-06 2400
12 3.0000000000030003e-06 3456
15 3.7999999999982492e-06 5400
20 9.700000000001374e-06 9600
30 6.8999999999763695e-06 21600
40 1.0399999999993748e-05 38400
45 7.499999999993623e-06 48600
50 9.499999999995623e-06 60000
55 1.1600000000000499e-05 72600
125 0.00038540000000000796 375000
160 0.00041279999999999095 614400
200 0.0007070999999999883 960000
250 0.0008902000000000077 1500000
350 0.0027632999999999963 2940000
500 0.0036822999999999995 6000000
600 0.004949199999999987 8640000
800 0.008099699999999987 15360000
1000 0.009928800000000015 24000000
2000 0.07153760000000003 96000000
5000 0.7863086 600000000
10000 6.6520288 2400000000
