2 0.060017000000001985 96
5 2.4500000002092293e-05 600
10 3.5999999994373866e-06 2400
12 3.5999999994373866e-06 3456
15 8.099999995181406e-06 5400
20 3.800000001774606e-06 9600
30 5.899999997893701e-06 21600
40 7.500000002380602e-06 38400
45 8.299999997518626e-06 48600
50 8.499999999855845e-06 60000
55 2.0400000003917285e-05 72600
125 0.00032359999999442834 375000
160 0.00034829999999885786 614400
200 0.00043020000000382197 960000
250 0.0004336999999949853 1500000
350 0.0015738000000027341 2940000
500 0.0036231999999998266 6000000
600 0.004845400000000666 8640000
800 0.010547500000001264 15360000
1000 0.010478199999994331 24000000
2000 0.06744859999999875 96000000
5000 0.7596678000000026 600000000
10000 6.641978600000002 2400000000
