2 0.06380430000000104 96
5 1.9600000001673834e-05 600
10 3.5999999994373866e-06 2400
12 4.39999999457541e-06 3456
15 3.8999999958377884e-06 5400
20 6.900000002474371e-06 9600
30 5.599999994387872e-06 21600
40 6.600000006073969e-06 38400
45 7.499999995275175e-06 48600
50 8.999999991488039e-06 60000
55 1.0900000006586197e-05 72600
125 0.00024759999999446336 375000
160 0.00022079999999391475 614400
200 0.0002868000000120219 960000
250 0.0007073000000019647 1500000
350 0.0013442999999995209 2940000
500 0.0032743999999951257 6000000
600 0.004019299999995951 8640000
800 0.008195100000008892 15360000
1000 0.010338099999998462 24000000
2000 0.06648990000000765 96000000
5000 0.768901800000009 600000000
10000 6.596387399999998 2400000000
