2 0.061773499999986825 96
5 2.200000000129876e-05 600
10 3.800000001774606e-06 2400
12 3.5999999994373866e-06 3456
15 7.899999999949614e-06 5400
20 3.5999999994373866e-06 9600
30 5.50000000032469e-06 21600
40 6.799999994200334e-06 38400
45 8.100000002286833e-06 48600
50 8.399999998687235e-06 60000
55 2.0199999994474638e-05 72600
125 0.00026289999999562497 375000
160 0.00023900000000764976 614400
200 0.0005997000000093067 960000
250 0.00043560000000297805 1500000
350 0.0014066000000099166 2940000
500 0.0032776000000040995 6000000
600 0.005438499999996793 8640000
800 0.00872029999999313 15360000
1000 0.01113530000000651 24000000
2000 0.06808089999999822 96000000
5000 0.7891615000000058 600000000
10000 6.645017600000003 2400000000
