2 0.06731560000000059 96
5 2.0099999996858742e-05 600
10 4.600000000465343e-06 2400
12 3.7999999982218924e-06 3456
15 4.299999996959514e-06 5400
20 4.400000001680837e-06 9600
30 6.499999997799932e-06 21600
40 7.300000000043383e-06 38400
45 7.5999999999964984e-06 48600
50 9.999999999621423e-06 60000
55 1.089999999948077e-05 72600
125 0.0003171000000001811 375000
160 0.0003064000000030376 614400
200 0.00037299999999973465 960000
250 0.0008124000000009346 1500000
350 0.0017247000000004675 2940000
500 0.0037503000000000952 6000000
600 0.004668099999999953 8640000
800 0.008826100000000281 15360000
1000 0.010288499999997924 24000000
2000 0.06528810000000007 96000000
5000 0.7539147000000028 600000000
10000 6.599347999999999 2400000000
