2 0.05912490000000048 96
5 2.2300000001251874e-05 600
10 3.899999999390502e-06 2400
12 3.7000000006059963e-06 3456
15 8.999999998593466e-06 5400
20 3.5999999994373866e-06 9600
30 7.699999997612395e-06 21600
40 1.749999999844931e-05 38400
45 8.19999999990273e-06 48600
50 1.7299999999664806e-05 60000
55 2.0399999996811857e-05 72600
125 0.0003226000000005058 375000
160 0.0002781999999967866 614400
200 0.0004290999999980727 960000
250 0.0004905999999991195 1500000
350 0.0016986999999986097 2940000
500 0.004079299999997232 6000000
600 0.004970999999997616 8640000
800 0.008161300000001148 15360000
1000 0.010373099999998914 24000000
2000 0.0650289000000015 96000000
5000 0.7871505000000028 600000000
10000 6.5773872 2400000000
