2 0.061020499999997924 96
5 2.250000000003638e-05 600
10 3.800000001774606e-06 2400
12 4.300000000512227e-06 3456
15 6.30000000256814e-06 5400
20 5.899999997893701e-06 9600
30 6.2000000013995304e-06 21600
40 7.400000001211993e-06 38400
45 7.500000002380602e-06 48600
50 1.0600000003080368e-05 60000
55 1.089999999948077e-05 72600
125 0.000263000000003899 375000
160 0.00022579999999550182 614400
200 0.00026640000000099917 960000
250 0.0007874000000001047 1500000
350 0.0014844000000024948 2940000
500 0.0035030999999960954 6000000
600 0.004820600000002173 8640000
800 0.008611599999994723 15360000
1000 0.01063609999999926 24000000
2000 0.06280550000000318 96000000
5000 0.7781114000000002 600000000
10000 6.569413499999996 2400000000
