2 0.05529999999999902 96
5 1.650000000097407e-05 600
10 4.9999999980343546e-06 2400
12 3.899999999390502e-06 3456
15 4.3999999981281235e-06 5400
20 5.50000000032469e-06 9600
30 1.969999999928973e-05 21600
40 1.2800000000368073e-05 38400
45 1.4399999997749546e-05 48600
50 1.889999999704628e-05 60000
55 1.7299999999664806e-05 72600
125 0.0002665999999997837 375000
160 0.00024889999999899715 614400
200 0.00036559999999852266 960000
250 0.00038990000000183045 1500000
350 0.0008014000000002852 2940000
500 0.0022435999999999012 6000000
600 0.004018599999998429 8640000
800 0.00723430000000036 15360000
1000 0.013418500000000222 24000000
2000 0.07577029999999851 96000000
5000 1.0658118000000023 600000000
10000 8.9291598 2400000000
