2 0.05608709999999917 96
5 1.5799999999899228e-05 600
10 4.799999999249849e-06 2400
12 4.099999998175008e-06 3456
15 4.600000004018057e-06 5400
20 5.600000001493299e-06 9600
30 1.089999999948077e-05 21600
40 1.3299999999105694e-05 38400
45 1.2900000001536682e-05 48600
50 1.6200000004573667e-05 60000
55 1.720000000204891e-05 72600
125 0.0002980999999948608 375000
160 0.00014600000000086766 614400
200 0.0003193999999950847 960000
250 0.00033349999999643387 1500000
350 0.001102400000000614 2940000
500 0.0024614000000013903 6000000
600 0.005286099999999294 8640000
800 0.008267500000002315 15360000
1000 0.012134999999993568 24000000
2000 0.08282040000000279 96000000
5000 1.2155296999999976 600000000
10000 10.308948000000001 2400000000
