2 0.05764810000000864 96
5 1.569999999162519e-05 600
10 5.200000003924288e-06 2400
12 4.39999999457541e-06 3456
15 4.39999999457541e-06 5400
20 5.599999994387872e-06 9600
30 1.0700000004248977e-05 21600
40 1.5300000001161607e-05 38400
45 2.759999999568663e-05 48600
50 1.6400000006910886e-05 60000
55 1.760000000672335e-05 72600
125 0.00022340000001008775 375000
160 0.00014519999999151878 614400
200 0.00035710000000221953 960000
250 0.00040100000001075387 1500000
350 0.0009409999999974161 2940000
500 0.0024362999999993917 6000000
600 0.004119399999993334 8640000
800 0.00892369999999687 15360000
1000 0.013640600000002223 24000000
2000 0.08029020000000742 96000000
5000 1.3223414999999932 600000000
10000 9.536157200000005 2400000000
