2 0.061852900000005206 96
5 1.650000000097407e-05 600
10 1.4600000000086766e-05 2400
12 4.500000002849447e-06 3456
15 4.799999999249849e-06 5400
20 5.7999999967250915e-06 9600
30 1.079999999831216e-05 21600
40 1.4199999995412327e-05 38400
45 1.3199999997937084e-05 48600
50 1.6800000011585325e-05 60000
55 1.9300000005273432e-05 72600
125 0.00024359999999035153 375000
160 0.00031300000000555883 614400
200 0.0002750999999960868 960000
250 0.000400899999988269 1500000
350 0.000876800000000344 2940000
500 0.002366600000001995 6000000
600 0.003876199999993446 8640000
800 0.007815100000001962 15360000
1000 0.013502299999998968 24000000
2000 0.09663659999999652 96000000
5000 1.2299850999999933 600000000
10000 10.10127589999999 2400000000
