2 0.056470700000005536 96
5 1.8300000000692762e-05 600
10 4.999999994481641e-06 2400
12 4.0000000041118255e-06 3456
15 4.600000004018057e-06 5400
20 5.599999994387872e-06 9600
30 1.0099999997237319e-05 21600
40 1.3000000002705292e-05 38400
45 1.250000000396767e-05 48600
50 1.5699999998730618e-05 60000
55 1.7299999996112092e-05 72600
125 0.0002496999999976879 375000
160 0.00026079999999950587 614400
200 0.00028300000000314185 960000
250 0.00040429999999958 1500000
350 0.0010909999999952902 2940000
500 0.002547599999999761 6000000
600 0.004338300000000572 8640000
800 0.007585999999996318 15360000
1000 0.015942200000004902 24000000
2000 0.08358840000000356 96000000
5000 1.2109200000000087 600000000
10000 9.4626552 2400000000
