2 0.05707089999999937 96
5 1.6400000006910886e-05 600
10 6.000000013273166e-06 2400
12 5.099999995650251e-06 3456
15 4.500000002849447e-06 5400
20 5.7999999967250915e-06 9600
30 1.059999999597494e-05 21600
40 1.3199999997937084e-05 38400
45 1.2499999996862243e-05 48600
50 1.6000000002236447e-05 60000
55 1.679999999737447e-05 72600
125 0.00021460000000672608 375000
160 0.00029050000000552245 614400
200 0.0002803000000000111 960000
250 0.0004426999999935788 1500000
350 0.001034599999996999 2940000
500 0.0024089000000060423 6000000
600 0.004101500000004421 8640000
800 0.007103000000000748 15360000
1000 0.013371300000002861 24000000
2000 0.07504849999999408 96000000
5000 1.22407410000001 600000000
10000 9.346450400000009 2400000000
