2 0.056329099999999244 96
5 1.6100000010510485e-05 600
10 5.100000009861105e-06 2400
12 5.29999999798747e-06 3456
15 4.39999999457541e-06 5400
20 5.599999994387872e-06 9600
30 1.0500000001911758e-05 21600
40 1.350000000854834e-05 38400
45 1.3499999994337486e-05 48600
50 1.5799999999899228e-05 60000
55 1.699999999971169e-05 72600
125 0.00025919999998791354 375000
160 0.0002329999999943766 614400
200 0.0003049999999973352 960000
250 0.00046589999999469 1500000
350 0.001111800000003882 2940000
500 0.0022897999999997865 6000000
600 0.004714499999991517 8640000
800 0.0080504000000019 15360000
1000 0.01271380000000022 24000000
2000 0.08124250000000188 96000000
5000 1.2708744999999908 600000000
10000 9.920097499999997 2400000000
