2 0.05574510000000288 96
5 1.599999999513102e-05 600
10 4.699999998081239e-06 2400
12 5.39999999915608e-06 3456
15 4.599999996912629e-06 5400
20 5.600000001493299e-06 9600
30 9.900000002005527e-06 21600
40 1.3299999999105694e-05 38400
45 1.2999999995599865e-05 48600
50 1.629999999863685e-05 60000
55 1.7399999997280702e-05 72600
125 0.0002524999999948818 375000
160 0.00025020000000353093 614400
200 0.0002101999999979398 960000
250 0.0004637999999985709 1500000
350 0.0011417000000051303 2940000
500 0.002336299999996072 6000000
600 0.003949300000002154 8640000
800 0.007929199999999526 15360000
1000 0.015314400000001172 24000000
2000 0.08582539999999739 96000000
5000 1.1808973999999992 600000000
10000 9.508861700000004 2400000000
