2 3.6999999999953737e-05 96
5 5.900000000003125e-06 600
10 4.499999999962867e-06 2400
12 3.7999999999982492e-06 3456
15 4.400000000015503e-06 5400
20 9.200000000042508e-06 9600
30 1.3700000000005375e-05 21600
40 1.1299999999936361e-05 38400
45 1.3200000000046508e-05 48600
50 1.5000000000098268e-05 60000
55 1.7399999999945237e-05 72600
125 0.0003077999999999692 375000
160 0.00030130000000005985 614400
200 0.00028359999999993946 960000
250 0.0005355000000000221 1500000
350 0.001098700000000008 2940000
500 0.002832900000000027 6000000
600 0.0039319999999999355 8640000
800 0.007978700000000005 15360000
1000 0.011283800000000066 24000000
2000 0.08817249999999999 96000000
5000 1.046674 600000000
10000 8.2168309 2400000000
