2 0.05496950000000034 96
5 1.5700000000506975e-05 600
10 4.599999998688986e-06 2400
12 4.099999999951365e-06 3456
15 4.39999999990448e-06 5400
20 5.50000000032469e-06 9600
30 1.9600000001673834e-05 21600
40 1.2999999999152578e-05 38400
45 1.3800000001396029e-05 48600
50 1.8499999999477268e-05 60000
55 1.6799999999150828e-05 72600
125 0.00028380000000005623 375000
160 0.0002624999999998323 614400
200 0.00035910000000072273 960000
250 0.0003961000000014536 1500000
350 0.0009004000000008006 2940000
500 0.00242409999999893 6000000
600 0.004065399999999997 8640000
800 0.007407799999999298 15360000
1000 0.012948200000000298 24000000
2000 0.08617390000000036 96000000
5000 1.0993163999999993 600000000
10000 8.137880399999998 2400000000
