2 0.00039868999999999045
5 0.00011375000000004575
10 0.0004752400000000101
12 0.0005311199999999516
15 0.0006902100000000022
20 0.001200110000000043
30 0.0020236699999999
40 0.0029953099999999733
45 0.004794490000000051
50 0.002860420000000019
55 0.002572390000000002
60 0.001991840000000078
75 0.002684309999999934
100 0.007894109999999977
125 0.004538729999999935
160 0.009031209999999979
200 0.01134248999999996
250 0.009355120000000073
350 0.024116589999999903
500 0.027821190000000096
600 0.048025899999999934
800 0.04087328999999995
1000 0.053019599999999924
2000 0.2367251900000003
5000 1.8018594800000003
10000 12.263325550000001
