2 8.712000000001829e-05
5 3.317000000002679e-05
10 0.00028141999999995446
12 0.0003712900000000019
15 0.0005052900000000804
20 0.0010075200000000616
30 0.0018259200000000143
40 0.002791000000000077
45 0.002645099999999978
50 0.0020254199999999666
55 0.002106570000000074
60 0.0018985699999999994
75 0.002781359999999999
100 0.008526459999999991
125 0.0040573799999999325
160 0.016654449999999967
200 0.007135679999999933
250 0.01777288999999995
350 0.012057249999999931
500 0.02201345999999993
600 0.02432498999999986
800 0.02548874999999997
1000 0.04681635000000002
2000 0.14076834000000008
5000 0.6129574500000002
10000 3.519554160000002
