2 0.015937400000000324 96
5 0.0001049000000001854 600
10 3.91000000004027e-05 2400
12 3.2599999999938234e-05 3456
15 3.370000000035844e-05 5400
20 0.00015730000000058197 9600
30 0.00030830000000037217 21600
40 0.0004428999999994687 38400
45 0.0005530000000000257 48600
50 0.0006965000000000998 60000
55 0.0007629000000006769 72600
60 0.0010497000000002643 86400
75 0.0018956999999995006 135000
100 0.0029348999999996295 240000
125 0.009047899999999665 375000
160 0.010592400000000168 614400
200 0.01392799999999994 960000
250 0.02240019999999987 1500000
350 0.03428129999999996 2940000
500 0.04823960000000049 6000000
600 0.0534637 8640000
800 0.06312330000000088 15360000
1000 0.07822339999999883 24000000
2000 0.29657489999999953 96000000
5000 2.5668460999999994 600000000
