2 0.00829970000000202 48
5 7.550000000122736e-05 300
10 0.00014829999999932397 1200
12 0.0001125000000001819 1728
15 0.0002082999999970525 2700
20 0.000282300000002067 4800
30 0.0007303000000007387 10800
40 0.000949600000005546 19200
45 0.0011470000000031177 24300
50 0.0014078999999966868 30000
55 0.001733999999999014 36300
60 0.0022705000000016184 43200
75 0.0031043999999980088 67500
100 0.005198699999994005 120000
125 0.0059212000000030685 187500
160 0.013914700000000835 307200
200 0.024212899999994875 480000
250 0.038645099999996546 750000
350 0.051118700000003514 1470000
500 0.0695003000000014 3000000
600 0.08260729999999938 4320000
800 0.08653199999999828 7680000
1000 0.09297949999999844 12000000
2000 0.24882619999999633 48000000
5000 1.2191827000000046 300000000
