2 0.015824200000000843 96
5 7.199999999940587e-05 600
10 3.859999999988872e-05 2400
12 3.209999999853608e-05 3456
15 3.469999999694551e-05 5400
20 0.00019209999999958427 9600
30 0.0003113999999975192 21600
40 0.00047779999999875145 38400
45 0.0006932999999982314 48600
50 0.0007613999999982468 60000
55 0.0007912999999994952 72600
60 0.001033199999998402 86400
75 0.0020236000000011245 135000
100 0.00429380000000279 240000
125 0.008938399999998126 375000
160 0.009482399999999558 614400
200 0.01593420000000023 960000
250 0.02623129999999918 1500000
350 0.03412889999999891 2940000
500 0.05035180000000139 6000000
600 0.05079500000000081 8640000
800 0.05890939999999745 15360000
1000 0.07563670000000045 24000000
2000 0.27910779999999846 96000000
5000 2.7314964999999987 600000000
