2 0.016259900000001437 96
5 7.64999999987026e-05 600
10 3.929999999741085e-05 2400
12 3.309999999601132e-05 3456
15 3.7100000000123146e-05 5400
20 0.00016509999999669844 9600
30 0.00035549999999773263 21600
40 0.0005886000000003833 38400
45 0.0006654000000025917 48600
50 0.0010995000000022515 60000
55 0.0009979000000015503 72600
60 0.0011399999999994748 86400
75 0.0020608000000024163 135000
100 0.006757200000002683 240000
125 0.00883879999999948 375000
160 0.013309499999998309 614400
200 0.017020899999998562 960000
250 0.024528200000005995 1500000
350 0.03314499999999754 2940000
500 0.04403870000000154 6000000
600 0.04941620000000313 8640000
800 0.06439559999999744 15360000
1000 0.07929690000000278 24000000
2000 0.3012804000000031 96000000
5000 2.6283035000000012 600000000
