2 0.015860699999997507 96
5 7.140000000305236e-05 600
10 3.889999999984184e-05 2400
12 3.23000000008733e-05 3456
15 3.350000000068576e-05 5400
20 0.00018140000000244072 9600
30 0.0004094000000023357 21600
40 0.00048090000000655664 38400
45 0.0005610999999987598 48600
50 0.0009469999999964784 60000
55 0.0007571999999953505 72600
60 0.0011186000000051877 86400
75 0.0020462999999963927 135000
100 0.0028483999999977527 240000
125 0.0077356999999977916 375000
160 0.010756900000004066 614400
200 0.02238489999999871 960000
250 0.026482500000000186 1500000
350 0.035439599999996574 2940000
500 0.042753300000001104 6000000
600 0.04651760000000138 8640000
800 0.05190919999999721 15360000
1000 0.07774939999999475 24000000
2000 0.28236660000000313 96000000
5000 2.5103481000000016 600000000
