2 0.016281900000002736 96
5 7.82999999984213e-05 600
10 3.910000000217906e-05 2400
12 3.450000000526643e-05 3456
15 3.7100000000123146e-05 5400
20 0.0001550999999935243 9600
30 0.0003317000000038206 21600
40 0.0005975999999989767 38400
45 0.0006877000000002909 48600
50 0.0007631000000003496 60000
55 0.0008609000000063816 72600
60 0.001170600000001798 86400
75 0.002149199999998075 135000
100 0.0029745999999946093 240000
125 0.0038521000000031336 375000
160 0.009630699999995329 614400
200 0.015375599999998713 960000
250 0.021722300000000416 1500000
350 0.03972720000000152 2940000
500 0.044796400000002734 6000000
600 0.05102469999999926 8640000
800 0.06442739999999958 15360000
1000 0.08167449999999832 24000000
2000 0.28486540000000105 96000000
5000 2.9537460999999965 600000000
