2 0.01634909999999934 96
5 7.719999999977745e-05 600
10 3.8699999999280976e-05 2400
12 4.279999999923234e-05 3456
15 3.530000000040445e-05 5400
20 0.00019309999999883587 9600
30 0.0003323000000001741 21600
40 0.0004364999999992847 38400
45 0.0005918999999998675 48600
50 0.0006835000000009472 60000
55 0.0009913000000008054 72600
60 0.001217600000000374 86400
75 0.002161400000000313 135000
100 0.004418799999999834 240000
125 0.007123500000000504 375000
160 0.010100700000000629 614400
200 0.017297700000000304 960000
250 0.019681799999998972 1500000
350 0.030826999999998606 2940000
500 0.03691560000000038 6000000
600 0.052168500000000506 8640000
800 0.06209349999999958 15360000
1000 0.07836709999999947 24000000
2000 0.2756471000000005 96000000
5000 2.5461142999999993 600000000
