2 0.015886800000000534 96
5 0.0001353000000001714 600
10 4.2499999999279225e-05 2400
12 3.5200000002788556e-05 3456
15 3.5900000000310683e-05 5400
20 0.00012429999999952202 9600
30 0.0003737999999984254 21600
40 0.0005071999999977095 38400
45 0.0005524999999977354 48600
50 0.0007269999999977017 60000
55 0.000949099999999703 72600
60 0.0011198999999990633 86400
75 0.002119799999999117 135000
100 0.006663799999998332 240000
125 0.00837320000000119 375000
160 0.012450199999999967 614400
200 0.016124200000000144 960000
250 0.021713999999999345 1500000
350 0.03517070000000189 2940000
500 0.044520299999998514 6000000
600 0.061046000000001044 8640000
800 0.0617005000000006 15360000
1000 0.08005359999999939 24000000
2000 0.30748029999999815 96000000
5000 2.6486889 600000000
