2 0.01615449999999896 96
5 7.499999999893703e-05 600
10 3.9799999999701186e-05 2400
12 3.339999999951715e-05 3456
15 3.470000000049822e-05 5400
20 0.00022020000000111395 9600
30 0.000388700000002018 21600
40 0.00047190000000085774 38400
45 0.0005395999999997514 48600
50 0.0006240999999995722 60000
55 0.0008333000000000368 72600
60 0.0010261999999983118 86400
75 0.0018343000000022869 135000
100 0.0038502000000022463 240000
125 0.004117600000000721 375000
160 0.010008299999999082 614400
200 0.016311300000001694 960000
250 0.023528800000001127 1500000
350 0.033233700000000255 2940000
500 0.04014110000000315 6000000
600 0.04980070000000225 8640000
800 0.06750909999999877 15360000
1000 0.07752939999999953 24000000
2000 0.2984977000000022 96000000
5000 2.5114520999999996 600000000
