2 0.0003010999999999431 48
5 0.00010130000000008188 300
10 0.0006630999999999165 1200
12 0.0006558000000000952 1728
15 0.0011277000000000648 2700
20 0.0025676999999999506 4800
30 0.0033771000000000218 10800
40 0.0038428999999999824 19200
45 0.004624500000000031 24300
50 0.005927599999999922 30000
55 0.00892330000000019 36300
60 0.017891300000000054 43200
75 0.011594499999999952 67500
100 0.014922300000000055 120000
125 0.021123899999999862 187500
160 0.024610199999999915 307200
200 0.03610340000000001 480000
250 0.039418799999999976 750000
350 0.0484640999999999 1470000
500 0.06134240000000002 3000000
600 0.07423009999999985 4320000
800 0.08267340000000001 7680000
1000 0.10475259999999986 12000000
2000 0.25022410000000006 48000000
5000 1.2641578000000004 300000000
