2 0.016468400000000827 96
5 7.950000000001012e-05 600
10 4.0500000000776026e-05 2400
12 3.2599999999050056e-05 3456
15 3.410000000059199e-05 5400
20 0.00020620000000093341 9600
30 0.00040369999999967376 21600
40 0.00047099999999922204 38400
45 0.0007150999999989693 48600
50 0.0008279000000008807 60000
55 0.0008341999999998961 72600
60 0.0013431999999991007 86400
75 0.002037300000001352 135000
100 0.002843000000000373 240000
125 0.003716700000000017 375000
160 0.007109899999999669 614400
200 0.01260329999999854 960000
250 0.022027600000001257 1500000
350 0.03249070000000032 2940000
500 0.043238599999998684 6000000
600 0.050585599999999786 8640000
800 0.060431100000000626 15360000
1000 0.08797170000000065 24000000
2000 0.27891819999999967 96000000
5000 2.577756400000002 600000000
