2 0.017872500000002844 96
5 7.779999999968368e-05 600
10 3.869999999750462e-05 2400
12 3.6500000000216914e-05 3456
15 3.5799999999142074e-05 5400
20 0.00016180000000076689 9600
30 0.00032509999999774664 21600
40 0.0005138000000002307 38400
45 0.0006393000000031179 48600
50 0.0008022000000025287 60000
55 0.001155400000001805 72600
60 0.0013258999999976595 86400
75 0.0019486000000057402 135000
100 0.006458699999996043 240000
125 0.007855100000000448 375000
160 0.00995720000000233 614400
200 0.013983400000000756 960000
250 0.021480900000000247 1500000
350 0.030929600000000335 2940000
500 0.039727999999996655 6000000
600 0.07109039999999567 8640000
800 0.05920460000000105 15360000
1000 0.08497440000000012 24000000
2000 0.2855033999999961 96000000
5000 2.5396709000000044 600000000
