2 0.00843740000000004 48
5 7.739999999945013e-05 300
10 0.00013989999999974856 1200
12 9.189999999925647e-05 1728
15 0.00023709999999965703 2700
20 0.00027990000000066573 4800
30 0.0007236999999999938 10800
40 0.001025399999999621 19200
45 0.0011331999999999454 24300
50 0.0015169999999997685 30000
55 0.002217199999999586 36300
60 0.002507500000000107 43200
75 0.003029900000000474 67500
100 0.005297900000000411 120000
125 0.007023900000000083 187500
160 0.009976100000000265 307200
200 0.023967700000000036 480000
250 0.03239919999999952 750000
350 0.04742719999999956 1470000
500 0.0573465999999998 3000000
600 0.07768529999999974 4320000
800 0.09670269999999981 7680000
1000 0.09271180000000001 12000000
2000 0.24989849999999958 48000000
5000 1.3104309 300000000
