2 0.008362800000000448 48
5 8.590000000197051e-05 300
10 0.00012010000000373111 1200
12 0.00010639999999995098 1728
15 0.0002579999999952065 2700
20 0.0002515999999985752 4800
30 0.0007254000000003202 10800
40 0.0011506999999966183 19200
45 0.0013985000000005243 24300
50 0.0015356000000039671 30000
55 0.0017526000000032127 36300
60 0.0023248000000037905 43200
75 0.00334670000000159 67500
100 0.004432700000002399 120000
125 0.007306599999999719 187500
160 0.010489999999997224 307200
200 0.021289199999998232 480000
250 0.03537710000000516 750000
350 0.054628400000005684 1470000
500 0.059751099999999724 3000000
600 0.07018599999999964 4320000
800 0.08444360000000017 7680000
1000 0.09766030000000114 12000000
2000 0.24363540000000228 48000000
5000 1.2087547 300000000
