2 0.008160500000002457 48
5 8.850000000037994e-05 300
10 0.0008614000000015665 1200
12 0.00013600000000124624 1728
15 0.00021600000000177033 2700
20 0.0003266999999986808 4800
30 0.0008607000000004916 10800
40 0.0009890000000005728 19200
45 0.0013657000000009134 24300
50 0.0013553999999977862 30000
55 0.002139700000000744 36300
60 0.0018722000000011008 43200
75 0.003139799999999582 67500
100 0.005012100000001851 120000
125 0.007275700000000995 187500
160 0.01985549999999847 307200
200 0.02716490000000249 480000
250 0.03423310000000157 750000
350 0.051837400000000144 1470000
500 0.057820499999998276 3000000
600 0.0737829000000012 4320000
800 0.08474740000000125 7680000
1000 0.09860339999999823 12000000
2000 0.24286329999999978 48000000
5000 1.6592917999999983 300000000
