2 0.008221299999995324 48
5 6.559999999922184e-05 300
10 0.00010490000000373811 1200
12 9.679999999434585e-05 1728
15 0.00022959999999727643 2700
20 0.0002747000000056232 4800
30 0.0008343999999951279 10800
40 0.0010657999999992285 19200
45 0.0013690999999980136 24300
50 0.001561000000002366 30000
55 0.0019358999999994353 36300
60 0.002402600000003474 43200
75 0.0028787999999977387 67500
100 0.0061019999999984975 120000
125 0.01015170000000154 187500
160 0.022912499999996783 307200
200 0.02987200000000456 480000
250 0.03788670000000138 750000
350 0.051267799999997976 1470000
500 0.06621609999999833 3000000
600 0.07533320000000288 4320000
800 0.09170610000000323 7680000
1000 0.09059039999999641 12000000
2000 0.2370949999999965 48000000
5000 1.2429842000000022 300000000
