2 0.008258800000000122 48
5 6.630000000029668e-05 300
10 0.00018610000000052196 1200
12 0.00012729999999550046 1728
15 0.00016710000000585978 2700
20 0.00028930000000571 4800
30 0.0006194999999991069 10800
40 0.0010836000000011836 19200
45 0.001218299999997896 24300
50 0.0018006999999968798 30000
55 0.0016845000000031973 36300
60 0.001732300000000464 43200
75 0.002852399999994759 67500
100 0.005018699999993714 120000
125 0.006448999999996374 187500
160 0.016648099999997612 307200
200 0.024085899999995775 480000
250 0.03722979999999865 750000
350 0.05352330000000194 1470000
500 0.06545200000000051 3000000
600 0.06965329999999881 4320000
800 0.09160199999999463 7680000
1000 0.09102280000000462 12000000
2000 0.24490049999999997 48000000
5000 1.2440712000000005 300000000
