2 0.00825580000000059 48
5 7.669999999748711e-05 300
10 0.00019229999999836878 1200
12 0.00013110000000082778 1728
15 0.0001984999999997683 2700
20 0.00037850000000005934 4800
30 0.000779599999997771 10800
40 0.00100750000000005 19200
45 0.0013238000000015404 24300
50 0.001856200000002417 30000
55 0.0025822000000026435 36300
60 0.002036300000000324 43200
75 0.0034032999999986657 67500
100 0.005875100000000799 120000
125 0.0066487000000030605 187500
160 0.010879900000002607 307200
200 0.022302799999998513 480000
250 0.030222899999998276 750000
350 0.0666423000000016 1470000
500 0.0681605999999988 3000000
600 0.07330669999999984 4320000
800 0.08621940000000095 7680000
1000 0.09954529999999906 12000000
2000 0.24598539999999858 48000000
5000 1.2121421999999953 300000000
