2 0.01591900000000379 96
5 7.850000000075852e-05 600
10 5.7999999995672624e-05 2400
12 3.389999999825477e-05 3456
15 3.530000000040445e-05 5400
20 0.00013030000000213704 9600
30 0.00040539999999822385 21600
40 0.0005358000000015295 38400
45 0.0009028000000057546 48600
50 0.0006549000000006799 60000
55 0.0008794000000023061 72600
60 0.001070399999996141 86400
75 0.0017731000000011932 135000
100 0.0042317000000053895 240000
125 0.007367600000002028 375000
160 0.012962399999999263 614400
200 0.01825619999999617 960000
250 0.01962970000000297 1500000
350 0.035304699999997524 2940000
500 0.04374119999999948 6000000
600 0.05117779999999783 8640000
800 0.06160030000000205 15360000
1000 0.07726249999999624 24000000
2000 0.27617339999999757 96000000
5000 2.5289879999999982 600000000
