2 0.008211299999999255 48
5 7.289999999926522e-05 300
10 0.00015129999999885513 1200
12 0.00011350000000120986 1728
15 0.00027000000000043656 2700
20 0.00033089999999802444 4800
30 0.0014947000000020694 10800
40 0.0013092999999990695 19200
45 0.001553600000001154 24300
50 0.0021938000000005786 30000
55 0.0018612999999980673 36300
60 0.002223000000000752 43200
75 0.003164699999999243 67500
100 0.0046976000000000795 120000
125 0.007052299999998013 187500
160 0.021710599999998692 307200
200 0.03705360000000013 480000
250 0.03642059999999958 750000
350 0.05681979999999953 1470000
500 0.07346499999999878 3000000
600 0.06792309999999802 4320000
800 0.0918884999999996 7680000
1000 0.09193249999999864 12000000
2000 0.2355994999999993 48000000
5000 1.265590300000003 300000000
