2 0.016019100000000286 96
5 8.579999999991372e-05 600
10 3.970000000030893e-05 2400
12 3.190000000063975e-05 3456
15 3.3099999999564034e-05 5400
20 0.0001420999999997008 9600
30 0.0003097000000007455 21600
40 0.00041260000000065133 38400
45 0.0005965000000003329 48600
50 0.0007986000000004267 60000
55 0.0009369000000001293 72600
60 0.0018013000000003387 86400
75 0.0018432999999999922 135000
100 0.002899000000000207 240000
125 0.0038599999999995305 375000
160 0.006228199999999795 614400
200 0.017447499999999394 960000
250 0.021660699999999977 1500000
350 0.03417779999999926 2940000
500 0.041744599999999465 6000000
600 0.055502900000000466 8640000
800 0.059817900000000535 15360000
1000 0.09049399999999963 24000000
2000 0.3009588999999995 96000000
5000 2.6896974 600000000
