2 0.008327300000001259 48
5 8.069999999804622e-05 300
10 0.00016150000000081377 1200
12 0.00010359999999920433 1728
15 0.0002268000000000825 2700
20 0.00025690000000011537 4800
30 0.0009315999999977009 10800
40 0.0015530000000012478 19200
45 0.0012275999999999954 24300
50 0.001745800000001907 30000
55 0.001796500000001089 36300
60 0.0033293999999983726 43200
75 0.003007700000001279 67500
100 0.0049829999999992935 120000
125 0.007376899999997022 187500
160 0.012031999999997822 307200
200 0.047814299999998866 480000
250 0.050652899999999335 750000
350 0.04862860000000069 1470000
500 0.06878130000000127 3000000
600 0.0776313999999978 4320000
800 0.08602770000000248 7680000
1000 0.09726480000000137 12000000
2000 0.2433989999999966 48000000
5000 1.2071679000000017 300000000
