2 0.016893699999997125 96
5 7.630000000347081e-05 600
10 3.8800000005778656e-05 2400
12 3.2100000005641505e-05 3456
15 3.4499999998161e-05 5400
20 0.00016049999999978581 9600
30 0.0003297999999958279 21600
40 0.00046989999999880183 38400
45 0.0006441000000023678 48600
50 0.0007383000000018569 60000
55 0.000766699999999787 72600
60 0.001097799999996596 86400
75 0.0017901000000009049 135000
100 0.0035469999999975244 240000
125 0.00544900000000581 375000
160 0.011092699999998956 614400
200 0.015378400000003012 960000
250 0.022593600000000436 1500000
350 0.030960200000002658 2940000
500 0.04054740000000123 6000000
600 0.05043660000000472 8640000
800 0.06314139999999924 15360000
1000 0.08092779999999777 24000000
2000 0.29159529999999734 96000000
5000 2.519371899999996 600000000
