2 0.016164400000000967 96
5 7.370000000150867e-05 600
10 3.880000000222594e-05 2400
12 3.25999999972737e-05 3456
15 3.470000000049822e-05 5400
20 0.0007909999999995421 9600
30 0.0003528000000017073 21600
40 0.0004951999999995849 38400
45 0.0005594999999978256 48600
50 0.0006755999999974449 60000
55 0.0012565000000002158 72600
60 0.001233800000001395 86400
75 0.0020179000000020153 135000
100 0.0047813999999988255 240000
125 0.008380299999998897 375000
160 0.010943100000002204 614400
200 0.012890999999999764 960000
250 0.02330480000000179 1500000
350 0.03804189999999963 2940000
500 0.04296219999999806 6000000
600 0.05282060000000044 8640000
800 0.06487630000000166 15360000
1000 0.08177539999999794 24000000
2000 0.29468880000000297 96000000
5000 2.612749100000002 600000000
