2 0.008258099999999047 48
5 7.370000000150867e-05 300
10 0.0001795999999956166 1200
12 0.00010539999999537031 1728
15 0.00018419999999963466 2700
20 0.00026009999999843103 4800
30 0.0007702999999992244 10800
40 0.0011292999999952258 19200
45 0.0013130999999972914 24300
50 0.0014649000000019896 30000
55 0.0016593000000000302 36300
60 0.0023799000000011006 43200
75 0.004376499999999339 67500
100 0.006160000000001276 120000
125 0.0075458000000026 187500
160 0.010599599999999043 307200
200 0.02152430000000294 480000
250 0.026395499999999572 750000
350 0.06021390000000082 1470000
500 0.06883040000000307 3000000
600 0.08235059999999805 4320000
800 0.0963390000000004 7680000
1000 0.10586600000000601 12000000
2000 0.247515099999994 48000000
5000 1.2164795000000055 300000000
