2 0.00847309999999979 48
5 8.250000000042945e-05 300
10 0.0001769999999998717 1200
12 0.00011749999999999261 1728
15 0.00023820000000007724 2700
20 0.0002868999999998678 4800
30 0.0008661999999999281 10800
40 0.0010845000000001548 19200
45 0.001972000000000307 24300
50 0.002237400000000278 30000
55 0.0022636000000000323 36300
60 0.0021908000000001593 43200
75 0.0037250000000002004 67500
100 0.00532559999999993 120000
125 0.007967999999999975 187500
160 0.018230700000000155 307200
200 0.03384030000000049 480000
250 0.03719540000000077 750000
350 0.051128900000000144 1470000
500 0.06912230000000008 3000000
600 0.06971970000000027 4320000
800 0.08112370000000002 7680000
1000 0.09544819999999987 12000000
2000 0.23980509999999988 48000000
5000 1.3006384999999998 300000000
