2 0.008493500000000154 48
5 7.740000000033831e-05 300
10 0.00016620000000067137 1200
12 0.00011209999999906017 1728
15 0.0002537999999994156 2700
20 0.0003513999999995576 4800
30 0.0007101999999985509 10800
40 0.0011758000000003932 19200
45 0.0013804999999997847 24300
50 0.0015363999999991051 30000
55 0.0016691000000008671 36300
60 0.002033900000000699 43200
75 0.003863200000001399 67500
100 0.00703060000000022 120000
125 0.010160700000000134 187500
160 0.02531650000000063 307200
200 0.030355600000000038 480000
250 0.038479499999999334 750000
350 0.049515299999999485 1470000
500 0.06444650000000074 3000000
600 0.07397650000000056 4320000
800 0.08714559999999949 7680000
1000 0.08992360000000055 12000000
2000 0.24804710000000085 48000000
5000 1.2480259000000018 300000000
