2 0.008009600000001171 48
5 6.66000000038025e-05 300
10 9.92000000010762e-05 1200
12 9.550000000047021e-05 1728
15 0.0002952999999976669 2700
20 0.00026599999999632473 4800
30 0.000947099999997647 10800
40 0.0011124999999978513 19200
45 0.001204199999996547 24300
50 0.0013058999999984167 30000
55 0.001999099999999032 36300
60 0.002155199999997137 43200
75 0.0029955000000043697 67500
100 0.005250400000001321 120000
125 0.0063542999999981475 187500
160 0.01158269999999817 307200
200 0.03300090000000466 480000
250 0.041681000000004076 750000
350 0.05624020000000485 1470000
500 0.06608999999999554 3000000
600 0.07229939999999857 4320000
800 0.08723729999999819 7680000
1000 0.10274929999999927 12000000
2000 0.24189340000000215 48000000
5000 1.247117100000004 300000000
