2 0.00013039999999997498 96
5 3.449999999993736e-05 600
10 3.0799999999997496e-05 2400
12 2.630000000003463e-05 3456
15 2.7900000000080638e-05 5400
20 0.0008403999999999634 9600
30 0.0013560999999999712 21600
40 0.0015846999999999944 38400
45 0.0018039999999999168 48600
50 0.0029084999999999805 60000
55 0.0028726999999999503 72600
60 0.0030638999999998973 86400
75 0.006479400000000135 135000
100 0.00831510000000013 240000
125 0.011147899999999877 375000
160 0.015409400000000018 614400
200 0.020408800000000005 960000
250 0.024782199999999976 1500000
350 0.033412499999999845 2940000
500 0.040627300000000144 6000000
600 0.050727899999999826 8640000
800 0.062088699999999886 15360000
1000 0.0827 24000000
2000 0.28639020000000004 96000000
5000 2.5137895000000006 600000000
