2 0.00017300000000020077 96
5 0.00011610000000006337 600
10 0.00011980000000000324 2400
12 2.8699999999881598e-05 3456
15 3.030000000014965e-05 5400
20 0.00045589999999995356 9600
30 0.0016460000000000363 21600
40 0.0020652000000001003 38400
45 0.0020693000000000517 48600
50 0.002677999999999958 60000
55 0.0031372999999998985 72600
60 0.0031194999999999418 86400
75 0.008168500000000023 135000
100 0.00835129999999995 240000
125 0.012373699999999932 375000
160 0.016424400000000006 614400
200 0.02087349999999999 960000
250 0.02238399999999996 1500000
350 0.03470810000000002 2940000
500 0.04776539999999985 6000000
600 0.04607690000000009 8640000
800 0.059417800000000076 15360000
1000 0.08364060000000006 24000000
2000 0.29643450000000016 96000000
5000 2.5209297 600000000
