2 0.016039399999996817 96
5 7.560000000239597e-05 600
10 3.859999999633601e-05 2400
12 3.269999999844231e-05 3456
15 3.39000000053602e-05 5400
20 0.0001622999999995045 9600
30 0.0002785000000002924 21600
40 0.0005236000000010677 38400
45 0.0005804999999980964 48600
50 0.0012133000000034144 60000
55 0.0007966000000010354 72600
60 0.0009742000000017015 86400
75 0.0018019999999978609 135000
100 0.005497900000001721 240000
125 0.008397600000002114 375000
160 0.012258500000001504 614400
200 0.01714319999999958 960000
250 0.025139799999998047 1500000
350 0.03118870000000129 2940000
500 0.04063779999999895 6000000
600 0.04779949999999644 8640000
800 0.06261409999999756 15360000
1000 0.07891250000000127 24000000
2000 0.2912025999999983 96000000
5000 2.591438199999999 600000000
