2 0.008198200000002487 48
5 8.869999999916445e-05 300
10 0.00010749999999859483 1200
12 0.00010040000000088867 1728
15 0.0003923000000014554 2700
20 0.00039190000000033365 4800
30 0.0015385000000023297 10800
40 0.0012132999999998617 19200
45 0.001357399999999842 24300
50 0.002343399999997331 30000
55 0.0027672999999985848 36300
60 0.0023594999999971833 43200
75 0.003967299999999341 67500
100 0.005247300000000621 120000
125 0.00873629999999892 187500
160 0.020066799999998608 307200
200 0.03271489999999844 480000
250 0.03718280000000007 750000
350 0.05279039999999924 1470000
500 0.07542409999999933 3000000
600 0.07760329999999982 4320000
800 0.08733209999999758 7680000
1000 0.09354289999999921 12000000
2000 0.2504401000000023 48000000
5000 1.2363494999999993 300000000
