2 0.008272099999999227 48
5 6.760000000127775e-05 300
10 0.0001451000000010083 1200
12 0.0001107999999980791 1728
15 0.00024899999999661304 2700
20 0.00032690000000101804 4800
30 0.0006693999999995981 10800
40 0.0010626000000009128 19200
45 0.0012363999999998043 24300
50 0.001327099999997472 30000
55 0.0017814999999998804 36300
60 0.0017551000000004535 43200
75 0.0029221999999968773 67500
100 0.007727400000003826 120000
125 0.006198299999994106 187500
160 0.016269499999999937 307200
200 0.03363509999999792 480000
250 0.038207599999999786 750000
350 0.055338400000003674 1470000
500 0.07042550000000602 3000000
600 0.06846660000000071 4320000
800 0.0877010000000027 7680000
1000 0.09359579999999568 12000000
2000 0.25050600000000145 48000000
5000 1.2423709999999986 300000000
