2 0.016367299999998863 96
5 7.670000000103983e-05 600
10 4.2299999996942006e-05 2400
12 3.600000000147929e-05 3456
15 3.4499999998161e-05 5400
20 0.00020359999999897127 9600
30 0.00033129999999914617 21600
40 0.0004634000000010019 38400
45 0.0005938999999983707 48600
50 0.0009233999999977982 60000
55 0.0008406999999976961 72600
60 0.001234199999998964 86400
75 0.002165900000001386 135000
100 0.0030689000000023725 240000
125 0.0052666999999999575 375000
160 0.008054600000001244 614400
200 0.01641620000000188 960000
250 0.01817090000000121 1500000
350 0.031381499999994844 2940000
500 0.041606000000001586 6000000
600 0.04310040000000015 8640000
800 0.059039400000003184 15360000
1000 0.09063309999999802 24000000
2000 0.28283489999999745 96000000
5000 2.5937693999999993 600000000
