2 0.016194800000000953 96
5 7.360000000034006e-05 600
10 3.850000000227283e-05 2400
12 3.309999999601132e-05 3456
15 3.6199999996711085e-05 5400
20 0.00018239999999991596 9600
30 0.0003315000000014834 21600
40 0.0005262000000030298 38400
45 0.0006027000000017324 48600
50 0.0008528000000040947 60000
55 0.0009104000000021983 72600
60 0.0013983000000052925 86400
75 0.0018751000000065687 135000
100 0.004153700000003369 240000
125 0.003952100000006453 375000
160 0.008372300000004884 614400
200 0.014542800000000966 960000
250 0.021020599999999945 1500000
350 0.03725310000000093 2940000
500 0.039829300000000956 6000000
600 0.04945879999999647 8640000
800 0.06555670000000191 15360000
1000 0.07995960000000224 24000000
2000 0.30441199999999924 96000000
5000 3.4916652 600000000
