2 0.00829689999999772 48
5 7.680000000220844e-05 300
10 0.00018850000000014688 1200
12 0.00012310000000326227 1728
15 0.00020090000000294594 2700
20 0.00042080000000055406 4800
30 0.0007827000000020234 10800
40 0.001142200000003868 19200
45 0.0014374000000003662 24300
50 0.001274999999999693 30000
55 0.002213699999998653 36300
60 0.002588199999998153 43200
75 0.0032813000000047055 67500
100 0.004333099999996648 120000
125 0.00868679999999955 187500
160 0.013301300000001959 307200
200 0.028891900000004966 480000
250 0.03437189999999646 750000
350 0.050363400000001946 1470000
500 0.07065270000000368 3000000
600 0.07890049999999604 4320000
800 0.08845970000000136 7680000
1000 0.09764289999999676 12000000
2000 0.2364444999999975 48000000
5000 1.207525099999998 300000000
