2 0.01832669999999581 96
5 9.329999999607708e-05 600
10 4.780000000437212e-05 2400
12 3.719999999418633e-05 3456
15 3.919999999624224e-05 5400
20 0.0002343000000024631 9600
30 0.0003412000000011517 21600
40 0.00044730000000470227 38400
45 0.0006143999999963512 48600
50 0.000720599999993965 60000
55 0.0008053000000032284 72600
60 0.0010650000000040905 86400
75 0.003488300000000777 135000
100 0.005701099999996018 240000
125 0.008494800000001135 375000
160 0.012183399999997846 614400
200 0.02211059999999776 960000
250 0.021948100000003024 1500000
350 0.036811700000001224 2940000
500 0.039696200000001625 6000000
600 0.05181699999999978 8640000
800 0.06292080000000055 15360000
1000 0.0810639999999978 24000000
2000 0.29072699999999685 96000000
5000 2.5023590000000056 600000000
