2 0.008046100000001388 48
5 7.000000000090267e-05 300
10 0.00013849999999848706 1200
12 0.0001125000000001819 1728
15 0.00020070000000060872 2700
20 0.00024290000000348755 4800
30 0.0006848000000019283 10800
40 0.0018111999999987916 19200
45 0.0013672999999982949 24300
50 0.0020438000000027046 30000
55 0.0020914999999988027 36300
60 0.0023746999999971763 43200
75 0.0030108999999995945 67500
100 0.004961199999996779 120000
125 0.008192399999998656 187500
160 0.021022199999997326 307200
200 0.03310539999999662 480000
250 0.04043920000000156 750000
350 0.05746539999999811 1470000
500 0.06442710000000318 3000000
600 0.07091690000000028 4320000
800 0.08135580000000431 7680000
1000 0.09453560000000039 12000000
2000 0.241077599999997 48000000
5000 1.2381639000000035 300000000
