2 0.008459600000000123 48
5 8.540000000145653e-05 300
10 0.00013249999999942474 1200
12 0.00011469999999924596 1728
15 0.00032790000000026964 2700
20 0.0002835000000001031 4800
30 0.0006441000000005914 10800
40 0.0009776999999999703 19200
45 0.0015508999999997997 24300
50 0.001644300000000598 30000
55 0.0019879000000013747 36300
60 0.0024130000000006646 43200
75 0.002957999999999572 67500
100 0.005134099999999364 120000
125 0.008008700000001312 187500
160 0.02459089999999975 307200
200 0.033668699999999774 480000
250 0.04157219999999917 750000
350 0.06138319999999986 1470000
500 0.06336790000000114 3000000
600 0.07887099999999947 4320000
800 0.08635459999999995 7680000
1000 0.09025409999999923 12000000
2000 0.2469652999999994 48000000
5000 1.2262348000000003 300000000
