2 0.00014319999999989896 48
5 4.790000000021166e-05 300
10 0.0005438999999998195 1200
12 0.0005422999999999956 1728
15 0.0007833999999999897 2700
20 0.001436300000000168 4800
30 0.0020936000000000288 10800
40 0.003798999999999886 19200
45 0.005788600000000033 24300
50 0.00574309999999989 30000
55 0.012682700000000047 36300
60 0.008413999999999922 43200
75 0.01259089999999996 67500
100 0.016470900000000066 120000
125 0.01741959999999998 187500
160 0.02668629999999994 307200
200 0.0389400000000002 480000
250 0.03925869999999998 750000
350 0.04846299999999992 1470000
500 0.0607491 3000000
600 0.0805203000000001 4320000
800 0.0827734 7680000
1000 0.09679970000000027 12000000
2000 0.25219689999999995 48000000
5000 1.3496158999999999 300000000
