2 0.008238099999999804 192
5 7.090000000076202e-05 1200
10 0.00018040000000141276 4800
12 0.00012830000000008113 6912
15 0.00019610000000014338 10800
20 0.0002765000000017892 19200
30 0.0006824000000023034 43200
40 0.0011703999999994608 76800
45 0.0012468000000005475 97200
50 0.001325699999998875 120000
55 0.0017631000000015717 145200
60 0.0018906999999970253 172800
75 0.0029304000000003327 270000
100 0.005373200000001077 480000
125 0.006125799999999515 750000
160 0.015539800000002657 1228800
200 0.024086600000000402 1920000
250 0.02832700000000088 3000000
350 0.04936349999999834 5880000
500 0.06600289999999731 12000000
600 0.07396849999999944 17280000
800 0.08420740000000038 30720000
1000 0.09818850000000268 48000000
2000 0.262666099999997 192000000
5000 1.4640726000000015 1200000000
