2 0.01625460000000345 1536
5 7.949999999823376e-05 9600
10 3.990000000442251e-05 38400
12 5.060000000156606e-05 55296
15 3.770000000002938e-05 86400
20 0.00019739999999757174 153600
30 0.00036650000000548744 345600
40 0.0005905999999953337 614400
45 0.0006675999999998794 777600
50 0.000897399999999493 960000
55 0.000930599999996673 1161600
60 0.0015488000000019042 1382400
75 0.0023185000000012224 2160000
100 0.0035050999999981514 3840000
125 0.005547599999999875 6000000
160 0.016288899999999273 9830400
200 0.017829399999996554 15360000
250 0.024964799999999343 24000000
350 0.03625819999999891 47040000
500 0.05780830000000492 96000000
600 0.05989919999999671 138240000
800 0.07459509999999625 245760000
1000 0.0886692999999994 384000000
2000 0.3038475000000034 1536000000
5000 2.6085026999999954 9600000000
