2 0.00012849999999997586 1536
5 3.549999999985509e-05 9600
10 3.359999999985597e-05 38400
12 3.630000000010014e-05 55296
15 2.8699999999881598e-05 86400
20 0.0007692000000001364 153600
30 0.0010855999999999089 345600
40 0.0017346000000000306 614400
45 0.001695800000000025 777600
50 0.0020972000000001323 960000
55 0.0031482999999998817 1161600
60 0.004584300000000097 1382400
75 0.007787500000000058 2160000
100 0.009703099999999854 3840000
125 0.016737800000000025 6000000
160 0.020045900000000172 9830400
200 0.028945699999999963 15360000
250 0.029231099999999843 24000000
350 0.04339550000000014 47040000
500 0.050325399999999965 96000000
600 0.06086820000000004 138240000
800 0.07598109999999991 245760000
1000 0.09247009999999989 384000000
2000 0.2972348 1536000000
5000 2.6260702 9600000000
