2 0.008251099999998956 384
5 7.510000000010564e-05 2400
10 0.00012939999999872498 9600
12 0.00011950000000027217 13824
15 0.00022919999999970742 21600
20 0.00026809999999954925 38400
30 0.0005446999999989544 86400
40 0.0015446000000025606 153600
45 0.0010411999999995203 194400
50 0.0014156999999990205 240000
55 0.0018521999999983052 290400
60 0.0017821999999974025 345600
75 0.0029476999999999975 540000
100 0.004871499999996587 960000
125 0.005857999999999919 1500000
160 0.017082500000000778 2457600
200 0.026118600000000214 3840000
250 0.02911969999999897 6000000
350 0.04850899999999925 11760000
500 0.06486560000000097 24000000
600 0.07147619999999932 34560000
800 0.07998470000000069 61440000
1000 0.09109059999999758 96000000
2000 0.23591960000000256 384000000
5000 1.238239 2400000000
