2 0.015887399999996887 768
5 7.340000000510827e-05 4800
10 3.7900000002366596e-05 19200
12 4.2099999994604786e-05 27648
15 3.480000000166683e-05 43200
20 0.00017649999999491683 76800
30 0.00046060000000380796 172800
40 0.0006225999999998066 307200
45 0.0009525000000039086 388800
50 0.0007287999999974204 480000
55 0.0010499999999993292 580800
60 0.0012710000000026866 691200
75 0.002447300000000041 1080000
100 0.005071599999993737 1920000
125 0.008062999999999931 3000000
160 0.012739700000004461 4915200
200 0.017089400000003252 7680000
250 0.026910000000000878 12000000
350 0.04457800000000134 23520000
500 0.06224149999999895 48000000
600 0.0650168000000022 69120000
800 0.07508579999999654 122880000
1000 0.09080589999999944 192000000
2000 0.29274729999999494 768000000
5000 3.121257700000001 4800000000
