2 0.008066900000002875 384
5 6.67999999990343e-05 2400
10 0.00017989999999912243 9600
12 0.00012919999999638776 13824
15 0.0001700999999982855 21600
20 0.0003305999999980713 38400
30 0.0006005999999985079 86400
40 0.0011390000000019995 153600
45 0.0013501000000033514 194400
50 0.0016789999999957672 240000
55 0.0018303000000017278 290400
60 0.0031990000000021723 345600
75 0.0044790000000034524 540000
100 0.00922260000000108 960000
125 0.01465790000000311 1500000
160 0.017354099999998596 2457600
200 0.03156240000000565 3840000
250 0.034090399999996635 6000000
350 0.05312200000000189 11760000
500 0.06990820000000042 24000000
600 0.07395849999999626 34560000
800 0.0912876999999952 61440000
1000 0.10005900000000167 96000000
2000 0.2395226000000008 384000000
5000 1.2901317999999975 2400000000
