2 0.008288100000001464 192
5 7.809999999608408e-05 1200
10 0.00011140000000153805 4800
12 0.00011429999999990059 6912
15 0.00021269999999873335 10800
20 0.0002455999999995129 19200
30 0.0007969999999986044 43200
40 0.0009562999999985777 76800
45 0.001342400000005739 97200
50 0.0013867999999988 120000
55 0.0016316999999972381 145200
60 0.002194200000005253 172800
75 0.0037073999999961416 270000
100 0.004812200000003486 480000
125 0.0065781999999998675 750000
160 0.009048599999999851 1228800
200 0.029108499999999538 1920000
250 0.03421199999999658 3000000
350 0.05186350000000317 5880000
500 0.062226500000001295 12000000
600 0.07195800000000219 17280000
800 0.08366900000000044 30720000
1000 0.10654250000000332 48000000
2000 0.2322437999999991 192000000
5000 1.235831300000001 1200000000
