2 0.008956000000001296 192
5 8.900000000267028e-05 1200
10 0.00011489999999980682 4800
12 0.00010029999999972006 6912
15 0.0002497999999988565 10800
20 0.00027609999999711476 19200
30 0.0006148000000010256 43200
40 0.001011299999998272 76800
45 0.001089900000000199 97200
50 0.0012369000000020947 120000
55 0.0017010000000006187 145200
60 0.0019388999999989665 172800
75 0.0030204000000004783 270000
100 0.004887000000000086 480000
125 0.006525400000001014 750000
160 0.00851120000000094 1228800
200 0.019033199999999084 1920000
250 0.03201890000000063 3000000
350 0.05114410000000191 5880000
500 0.06577449999999985 12000000
600 0.07401869999999988 17280000
800 0.08594739999999845 30720000
1000 0.09716939999999852 48000000
2000 0.23965430000000154 192000000
5000 1.2399080999999974 1200000000
