2 0.008481799999999318 192
5 6.910000000015515e-05 1200
10 0.00015120000000035105 4800
12 9.950000000014114e-05 6912
15 0.00023950000000017013 10800
20 0.00031849999999966627 19200
30 0.0006525000000001668 43200
40 0.0010294000000001802 76800
45 0.001367500000000632 97200
50 0.0013476999999992856 120000
55 0.001731499999999997 145200
60 0.002124600000000143 172800
75 0.003176599999999752 270000
100 0.004420200000000207 480000
125 0.0067784999999993545 750000
160 0.014690300000000711 1228800
200 0.027618900000000224 1920000
250 0.036792800000000625 3000000
350 0.05185899999999943 5880000
500 0.05954889999999935 12000000
600 0.07556190000000029 17280000
800 0.08422520000000056 30720000
1000 0.09337339999999994 48000000
2000 0.2311249000000002 192000000
5000 1.2192726 1200000000
