2 0.016157999999999006 1536
5 7.959999999940237e-05 9600
10 4.099999999951365e-05 38400
12 4.999999999988347e-05 55296
15 3.71999999995154e-05 86400
20 0.0001917000000002389 153600
30 0.0003878000000003823 345600
40 0.0006734000000001572 614400
45 0.0006909000000003829 777600
50 0.0017770000000005837 960000
55 0.0011609000000003533 1161600
60 0.0013439000000001755 1382400
75 0.002279299999999651 2160000
100 0.0050454000000002 3840000
125 0.007429500000000644 6000000
160 0.01705349999999939 9830400
200 0.020612500000000367 15360000
250 0.02665549999999861 24000000
350 0.04332259999999977 47040000
500 0.05277729999999892 96000000
600 0.06134480000000053 138240000
800 0.07431500000000035 245760000
1000 0.09154460000000064 384000000
2000 0.2885293999999998 1536000000
5000 2.658964900000001 9600000000
