2 0.016031400000002805 1536
5 7.729999999384063e-05 9600
10 5.540000000081591e-05 38400
12 4.839999999717293e-05 55296
15 3.6600000001385524e-05 86400
20 0.00015760000000142327 153600
30 0.0003716000000011377 345600
40 0.0005483999999995604 614400
45 0.0007404999999991446 777600
50 0.0008096999999978038 960000
55 0.0013537000000027888 1161600
60 0.001743400000002282 1382400
75 0.0021911999999986165 2160000
100 0.005483800000000372 3840000
125 0.008137900000001252 6000000
160 0.015504199999995194 9830400
200 0.02658020000000505 15360000
250 0.03151679999999857 24000000
350 0.0423655000000025 47040000
500 0.05316870000000051 96000000
600 0.05492619999999704 138240000
800 0.07661970000000196 245760000
1000 0.08542230000000473 384000000
2000 0.30874889999999766 1536000000
5000 2.608381200000011 9600000000
