2 0.016385599999999556 1536
5 7.579999999762776e-05 9600
10 3.889999999984184e-05 38400
12 4.7799999997266696e-05 55296
15 3.640000000615373e-05 86400
20 0.0001733000000001539 153600
30 0.000465499999997121 345600
40 0.0004561000000009585 614400
45 0.0008346999999986338 777600
50 0.0007735000000010928 960000
55 0.0008170999999990158 1161600
60 0.001238800000002982 1382400
75 0.0019309999999990168 2160000
100 0.006999299999996822 3840000
125 0.007980899999999735 6000000
160 0.015161999999996567 9830400
200 0.02060270000000486 15360000
250 0.027115500000000736 24000000
350 0.04392219999999725 47040000
500 0.05372099999999591 96000000
600 0.05624180000000223 138240000
800 0.08046669999999523 245760000
1000 0.10332020000000597 384000000
2000 0.2937727999999993 1536000000
5000 2.5518563999999984 9600000000
