2 0.01585039999999971 1536
5 7.449999999842305e-05 9600
10 3.999999999848569e-05 38400
12 5.0800000000350565e-05 55296
15 3.700000000073089e-05 86400
20 0.00019400000000047157 153600
30 0.0006466999999990009 345600
40 0.000517600000000229 614400
45 0.0007947999999995403 777600
50 0.000880899999998519 960000
55 0.000894199999999401 1161600
60 0.0016300999999998567 1382400
75 0.002384000000001052 2160000
100 0.008084600000000108 3840000
125 0.013550300000000348 6000000
160 0.017107199999999878 9830400
200 0.024328399999999917 15360000
250 0.03236680000000014 24000000
350 0.04898399999999903 47040000
500 0.046930200000000255 96000000
600 0.057150099999999426 138240000
800 0.0751065999999998 245760000
1000 0.09557039999999972 384000000
2000 0.31085039999999964 1536000000
5000 2.6022196000000015 9600000000
