2 0.008278999999999925 384
5 7.779999999968368e-05 2400
10 0.00014589999999969905 9600
12 0.0001115000000009303 13824
15 0.00019879999999972142 21600
20 0.00024679999999932534 38400
30 0.0006340999999991936 86400
40 0.0009382000000002222 153600
45 0.0010852999999997337 194400
50 0.0013629000000001668 240000
55 0.0018443999999995242 290400
60 0.0020916999999993635 345600
75 0.00325710000000079 540000
100 0.006931100000000967 960000
125 0.00895709999999994 1500000
160 0.019742899999998897 2457600
200 0.03094420000000042 3840000
250 0.037018299999999726 6000000
350 0.050198999999999216 11760000
500 0.06258910000000029 24000000
600 0.07677460000000025 34560000
800 0.08117320000000028 61440000
1000 0.09482170000000067 96000000
2000 0.23147860000000087 384000000
5000 1.282209299999998 2400000000
