2 0.008677999999999741 192
5 8.670000000066125e-05 1200
10 0.00010539999999892302 4800
12 9.370000000075152e-05 6912
15 0.0002248999999991952 10800
20 0.0003239000000014869 19200
30 0.0006173000000018192 43200
40 0.0012447000000008757 76800
45 0.0011613999999973146 97200
50 0.0012466999999993789 120000
55 0.001701900000000478 145200
60 0.0021266000000004226 172800
75 0.0032483999999968205 270000
100 0.0049840000000003215 480000
125 0.0064387000000003525 750000
160 0.009545199999998033 1228800
200 0.021808499999998787 1920000
250 0.028204399999999907 3000000
350 0.041601999999997474 5880000
500 0.06597540000000279 12000000
600 0.07596589999999992 17280000
800 0.084816 30720000
1000 0.09509499999999704 48000000
2000 0.2505152000000024 192000000
5000 1.252488900000003 1200000000
