2 0.008947900000002562 384
5 0.00011640000000312511 2400
10 0.00018259999999514775 9600
12 0.0001259000000004562 13824
15 0.00016300000000057935 21600
20 0.00027899999999903 38400
30 0.0006370000000046616 86400
40 0.000923199999995461 153600
45 0.0009713999999974021 194400
50 0.0013403000000025145 240000
55 0.003344699999999534 290400
60 0.0019502999999971848 345600
75 0.007051300000000538 540000
100 0.008765600000003815 960000
125 0.012324799999994696 1500000
160 0.02071109999999976 2457600
200 0.03107620000000111 3840000
250 0.038831399999999405 6000000
350 0.04749459999999317 11760000
500 0.061319699999998534 24000000
600 0.07738120000000492 34560000
800 0.08565059999999391 61440000
1000 0.1072488000000007 96000000
2000 0.24512640000000374 384000000
5000 1.2804913000000013 2400000000
