2 0.008120099999999297 192
5 7.209999999702177e-05 1200
10 0.00016480000000029804 4800
12 0.00011539999999854444 6912
15 0.0002059999999985962 10800
20 0.00029990000000168493 19200
30 0.0007044000000036021 43200
40 0.0010134999999991123 76800
45 0.001107400000002201 97200
50 0.0014927000000000135 120000
55 0.001946400000001347 145200
60 0.002243399999997564 172800
75 0.0028798000000023194 270000
100 0.005383999999999389 480000
125 0.00695559999999773 750000
160 0.00892650000000117 1228800
200 0.014288399999998092 1920000
250 0.030362400000001344 3000000
350 0.04792890000000227 5880000
500 0.06390620000000524 12000000
600 0.06575210000000453 17280000
800 0.07845030000000008 30720000
1000 0.09151529999999752 48000000
2000 0.24812479999999937 192000000
5000 1.2589827000000042 1200000000
