2 0.015753199999998913 1536
5 7.490000000132113e-05 9600
10 3.970000000208529e-05 38400
12 5.240000000128475e-05 55296
15 3.799999999642978e-05 86400
20 0.00015170000000352957 153600
30 0.0003628999999989446 345600
40 0.0005560999999971727 614400
45 0.0010708000000008155 777600
50 0.0011236000000067747 960000
55 0.0010697000000021717 1161600
60 0.001853399999994565 1382400
75 0.0024590999999958285 2160000
100 0.006512000000000739 3840000
125 0.010997799999998392 6000000
160 0.012472499999994113 9830400
200 0.022403900000000476 15360000
250 0.03285959999999477 24000000
350 0.04355549999999653 47040000
500 0.05661849999999902 96000000
600 0.05530969999999513 138240000
800 0.07300229999999885 245760000
1000 0.09950229999999749 384000000
2000 0.2955658999999997 1536000000
5000 2.687688999999999 9600000000
