2 0.015788399999999925 768
5 7.210000000057448e-05 4800
10 3.870000000105733e-05 19200
12 5.0200000000444334e-05 27648
15 3.530000000040445e-05 43200
20 0.000195700000000798 76800
30 0.00036539999999973816 172800
40 0.000586699999999496 307200
45 0.0009080000000007971 388800
50 0.0011140999999987855 480000
55 0.0012670000000003512 580800
60 0.0016719000000016138 691200
75 0.002251799999999804 1080000
100 0.0065390000000000725 1920000
125 0.010400999999999883 3000000
160 0.019687300000001073 4915200
200 0.025016000000000815 7680000
250 0.03289190000000097 12000000
350 0.044150200000000694 23520000
500 0.05259899999999895 48000000
600 0.06251490000000004 69120000
800 0.0796518000000006 122880000
1000 0.0998468999999993 192000000
2000 0.30243920000000024 768000000
5000 2.607236799999999 4800000000
