2 0.019047999999997955 768
5 7.460000000492073e-05 4800
10 3.909999999507363e-05 19200
12 3.829999999993561e-05 27648
15 3.459999999932961e-05 43200
20 0.0001776999999947293 76800
30 0.00039189999999678093 172800
40 0.0006324000000006436 307200
45 0.0005749999999977717 388800
50 0.000595799999999258 480000
55 0.000997699999999213 580800
60 0.001419599999998411 691200
75 0.003185399999999561 1080000
100 0.0063995000000005575 1920000
125 0.009477099999998018 3000000
160 0.017217500000000996 4915200
200 0.021674600000004318 7680000
250 0.029776899999994555 12000000
350 0.04132760000000246 23520000
500 0.05372679999999974 48000000
600 0.057035599999998965 69120000
800 0.07500759999999929 122880000
1000 0.09313920000000309 192000000
2000 0.3175859999999986 768000000
5000 2.585889299999998 4800000000
