2 0.008219100000005142 384
5 7.529999999889014e-05 2400
10 0.0001528999999962366 9600
12 0.00011379999999405754 13824
15 0.00019959999999485944 21600
20 0.00030050000000159116 38400
30 0.0006845999999995911 86400
40 0.0009907000000026756 153600
45 0.0011998999999960347 194400
50 0.0014054000000029987 240000
55 0.0017034000000037963 290400
60 0.001988499999995952 345600
75 0.0029898000000017078 540000
100 0.0117090000000033 960000
125 0.012851099999998894 1500000
160 0.021675200000004224 2457600
200 0.03222579999999908 3840000
250 0.03314240000000268 6000000
350 0.046877500000000794 11760000
500 0.06270169999999808 24000000
600 0.07312849999999571 34560000
800 0.09177230000000236 61440000
1000 0.10040410000000577 96000000
2000 0.2515789000000055 384000000
5000 1.267907699999995 2400000000
