2 0.008143900000000315 384
5 7.229999999935899e-05 2400
10 0.0001488999999992302 9600
12 0.00011200000000144428 13824
15 0.00018679999999449137 21600
20 0.0002862999999990734 38400
30 0.000785600000000386 86400
40 0.0011289000000047622 153600
45 0.0011677999999974986 194400
50 0.0015953999999993584 240000
55 0.001984000000000208 290400
60 0.001985300000001189 345600
75 0.0035030999999960954 540000
100 0.005165300000001594 960000
125 0.005940799999997637 1500000
160 0.01678690000000671 2457600
200 0.02381160000000193 3840000
250 0.03602759999999705 6000000
350 0.058939699999996265 11760000
500 0.06021939999999404 24000000
600 0.07036140000000302 34560000
800 0.08409369999999683 61440000
1000 0.09650959999999742 96000000
2000 0.24313709999999844 384000000
5000 1.2495526000000012 2400000000
