2 0.017597699999999605 768
5 9.670000000028267e-05 4800
10 4.069999999956053e-05 19200
12 3.870000000105733e-05 27648
15 3.4400000000545106e-05 43200
20 0.00015460000000011576 76800
30 0.0002870999999995405 172800
40 0.0005509999999997461 307200
45 0.0007631999999997419 388800
50 0.0007383000000000806 480000
55 0.0009718000000003002 580800
60 0.0011940999999993096 691200
75 0.002860599999999991 1080000
100 0.006510900000000319 1920000
125 0.009311700000001366 3000000
160 0.01219030000000032 4915200
200 0.017461299999999014 7680000
250 0.023347499999999854 12000000
350 0.03605240000000087 23520000
500 0.0446945000000003 48000000
600 0.06393330000000041 69120000
800 0.07010889999999925 122880000
1000 0.09417329999999957 192000000
2000 0.30572190000000177 768000000
5000 3.1177735999999996 4800000000
