2 0.016149899999998496 768
5 8.910000000028617e-05 4800
10 4.410000000021341e-05 19200
12 5.589999999955353e-05 27648
15 4.020000000082291e-05 43200
20 0.00016520000000141977 76800
30 0.000280000000000058 172800
40 0.0005716999999982875 307200
45 0.0008982000000017365 388800
50 0.001115200000000982 480000
55 0.001258499999998719 580800
60 0.001211899999997712 691200
75 0.0026450000000011187 1080000
100 0.009827800000000053 1920000
125 0.010725099999998378 3000000
160 0.012814299999998724 4915200
200 0.018727099999999552 7680000
250 0.02720279999999775 12000000
350 0.04275039999999919 23520000
500 0.054232599999998854 48000000
600 0.048083199999997106 69120000
800 0.07638920000000127 122880000
1000 0.11223370000000088 192000000
2000 0.3192844999999984 768000000
5000 2.5483218000000036 4800000000
