2 0.015815700000000987 1536
5 7.460000000136802e-05 9600
10 3.9900000000869795e-05 38400
12 5.060000000156606e-05 55296
15 3.669999999900142e-05 86400
20 0.00015790000000137638 153600
30 0.0003242999999990559 345600
40 0.00044880000000091513 614400
45 0.0007403000000003601 777600
50 0.001374600000001891 960000
55 0.0012086999999993964 1161600
60 0.00211529999999982 1382400
75 0.002701000000001841 2160000
100 0.008093299999998749 3840000
125 0.014723999999997517 6000000
160 0.013141000000000957 9830400
200 0.01865450000000024 15360000
250 0.022048099999999238 24000000
350 0.04056269999999884 47040000
500 0.05170500000000189 96000000
600 0.05673560000000322 138240000
800 0.07850540000000095 245760000
1000 0.0972929000000029 384000000
2000 0.28494819999999876 1536000000
5000 2.5321982000000034 9600000000
