2 0.01588080000000147 1536
5 7.510000000010564e-05 9600
10 3.949999999974807e-05 38400
12 5.029999999806023e-05 55296
15 3.690000000133864e-05 86400
20 0.00016250000000184173 153600
30 0.0003108000000011657 345600
40 0.0006698000000007198 614400
45 0.0009683000000002551 777600
50 0.000910299999997477 960000
55 0.0015013999999986538 1161600
60 0.001741000000002657 1382400
75 0.0026812000000013825 2160000
100 0.004629099999998942 3840000
125 0.006347799999996795 6000000
160 0.012970599999999166 9830400
200 0.017200100000000162 15360000
250 0.027732700000001387 24000000
350 0.040020699999999465 47040000
500 0.04495390000000299 96000000
600 0.05053879999999822 138240000
800 0.07039379999999795 245760000
1000 0.0899441000000003 384000000
2000 0.2990977999999984 1536000000
5000 2.566883400000002 9600000000
