2 0.01952839999999867 768
5 9.34999999984143e-05 4800
10 4.510000000124137e-05 19200
12 4.410000000021341e-05 27648
15 3.9199999999794954e-05 43200
20 0.00018340000000094392 76800
30 0.006401400000001445 172800
40 0.0005951999999993518 307200
45 0.0007631000000003496 388800
50 0.001371599999998807 480000
55 0.001455700000001059 580800
60 0.0016767000000008636 691200
75 0.0030906000000001654 1080000
100 0.006793900000001685 1920000
125 0.005835599999997498 3000000
160 0.009861100000001954 4915200
200 0.01746999999999943 7680000
250 0.015261999999999887 12000000
350 0.03278230000000093 23520000
500 0.050491199999999736 48000000
600 0.06020260000000022 69120000
800 0.07025499999999951 122880000
1000 0.10220780000000218 192000000
2000 0.3018599999999978 768000000
5000 2.6093051000000003 4800000000
