2 0.00015700000000018477 192
5 4.7499999999978115e-05 1200
10 0.0005732000000000514 4800
12 0.00048320000000012797 6912
15 0.0007539999999999214 10800
20 0.0008563000000001431 19200
30 0.003233900000000123 43200
40 0.0030813000000000645 76800
45 0.004656299999999947 97200
50 0.0052906999999999815 120000
55 0.005575299999999839 145200
60 0.0068158000000000385 172800
75 0.010120699999999871 270000
100 0.02438169999999995 480000
125 0.015658100000000008 750000
160 0.024967299999999915 1228800
200 0.03154620000000019 1920000
250 0.038865599999999834 3000000
350 0.0494591000000002 5880000
500 0.060704700000000056 12000000
600 0.07324110000000017 17280000
800 0.0797353999999999 30720000
1000 0.08552570000000026 48000000
2000 0.2396887000000003 192000000
5000 1.2203290999999998 1200000000
