2 0.008285000000000764 192
5 7.429999999430947e-05 1200
10 0.00015369999999848005 4800
12 0.00010900000000191312 6912
15 0.0002289999999973702 10800
20 0.000255499999994413 19200
30 0.000553500000002316 43200
40 0.0009002000000037924 76800
45 0.0011359000000012998 97200
50 0.0012322999999980766 120000
55 0.0017977999999985173 145200
60 0.0023728000000033944 172800
75 0.0029861000000011018 270000
100 0.0057770000000019195 480000
125 0.009046200000000226 750000
160 0.013231300000001056 1228800
200 0.019444399999997586 1920000
250 0.026645700000003103 3000000
350 0.05203589999999991 5880000
500 0.06050160000000204 12000000
600 0.0702493000000004 17280000
800 0.08386979999999511 30720000
1000 0.09371989999999641 48000000
2000 0.24433119999999775 192000000
5000 1.2431871 1200000000
