2 0.015787199999998336 768
5 7.910000000066475e-05 4800
10 3.930000000451628e-05 19200
12 4.2099999994604786e-05 27648
15 4.9600000004090816e-05 43200
20 0.0001508000000001175 76800
30 0.0003879999999938377 172800
40 0.000461799999996515 307200
45 0.0007455000000007317 388800
50 0.000988200000001882 480000
55 0.0019826000000051636 580800
60 0.0018565000000023701 691200
75 0.0026433000000025686 1080000
100 0.00507549999999668 1920000
125 0.009179000000003157 3000000
160 0.0138668000000024 4915200
200 0.01737889999999709 7680000
250 0.024485599999998442 12000000
350 0.04094890000000362 23520000
500 0.053585599999998124 48000000
600 0.05722650000000584 69120000
800 0.07671760000000205 122880000
1000 0.08379899999999907 192000000
2000 0.3012695999999977 768000000
5000 2.593265500000001 4800000000
