2 0.015826199999999346 1536
5 7.360000000034006e-05 9600
10 3.990000000442251e-05 38400
12 4.919999999941638e-05 55296
15 3.630000000498512e-05 86400
20 0.00016430000000156042 153600
30 0.0003226999999981217 345600
40 0.0005781999999996401 614400
45 0.0008099000000001411 777600
50 0.0009021999999987429 960000
55 0.0015282000000027551 1161600
60 0.00153540000000163 1382400
75 0.002460200000001578 2160000
100 0.007404600000000983 3840000
125 0.012374600000001124 6000000
160 0.016745600000000138 9830400
200 0.018394899999996994 15360000
250 0.027520100000003822 24000000
350 0.03516859999999866 47040000
500 0.04501150000000109 96000000
600 0.061311000000003446 138240000
800 0.07476660000000379 245760000
1000 0.09327790000000391 384000000
2000 0.31137510000000646 1536000000
5000 2.5405857999999952 9600000000
