2 0.008167099999997873 384
5 6.740000000249324e-05 2400
10 0.00011809999999812248 9600
12 0.00011139999999798533 13824
15 0.00020840000000177383 21600
20 0.00027389999999982706 38400
30 0.0006033999999992545 86400
40 0.0008797999999998751 153600
45 0.0011676000000022668 194400
50 0.0015768999999998812 240000
55 0.0017822000000009552 290400
60 0.00204000000000093 345600
75 0.003043800000000374 540000
100 0.004594399999998444 960000
125 0.006398699999998314 1500000
160 0.012516399999999095 2457600
200 0.02918939999999992 3840000
250 0.032481099999998264 6000000
350 0.049252799999997876 11760000
500 0.06254329999999797 24000000
600 0.06836030000000193 34560000
800 0.08233369999999951 61440000
1000 0.08928789999999864 96000000
2000 0.2359856000000029 384000000
5000 1.2321215999999993 2400000000
