2 0.00019559999999985145 384
5 5.829999999984459e-05 2400
10 0.000634699999999988 9600
12 0.0005405000000000548 13824
15 0.0016682000000001196 21600
20 0.0015730000000000466 38400
30 0.006798799999999883 86400
40 0.00538139999999987 153600
45 0.004564500000000082 194400
50 0.005406299999999975 240000
55 0.0056403000000000425 290400
60 0.006520000000000081 345600
75 0.010145099999999907 540000
100 0.01914910000000014 960000
125 0.017695999999999934 1500000
160 0.028895300000000068 2457600
200 0.033439500000000066 3840000
250 0.04386970000000012 6000000
350 0.04902249999999997 11760000
500 0.06005269999999996 24000000
600 0.07476989999999994 34560000
800 0.07746890000000017 61440000
1000 0.09530850000000024 96000000
2000 0.24045169999999993 384000000
5000 1.3350802000000002 2400000000
