2 0.008092800000000011 384
5 6.690000000020291e-05 2400
10 0.00014820000000170808 9600
12 9.829999999766414e-05 13824
15 0.0003047999999985507 21600
20 0.0003050999999985038 38400
30 0.0011983999999998218 86400
40 0.0032516999999998575 153600
45 0.003270400000001672 194400
50 0.0024269000000032293 240000
55 0.0026521999999999935 290400
60 0.0032074000000008596 345600
75 0.005104899999999191 540000
100 0.009795400000001564 960000
125 0.010173299999998164 1500000
160 0.02438670000000087 2457600
200 0.030041600000000557 3840000
250 0.036460800000000404 6000000
350 0.05343069999999983 11760000
500 0.058378199999999936 24000000
600 0.07066329999999965 34560000
800 0.08245689999999684 61440000
1000 0.08743839999999992 96000000
2000 0.2380096000000016 384000000
5000 1.2549558000000012 2400000000
