2 0.008559099999999376 384
5 7.96999999996828e-05 2400
10 0.00014680000000044657 9600
12 9.440000000005e-05 13824
15 0.0002036999999992517 21600
20 0.0003027000000006552 38400
30 0.000697100000000006 86400
40 0.0008694999999994124 153600
45 0.0011106000000005167 194400
50 0.0012486000000002662 240000
55 0.0016214000000003281 290400
60 0.0019819999999999283 345600
75 0.005480099999999766 540000
100 0.009071300000000448 960000
125 0.011467200000000233 1500000
160 0.020735399999999515 2457600
200 0.029481899999999506 3840000
250 0.03604770000000013 6000000
350 0.050053799999999704 11760000
500 0.06080780000000008 24000000
600 0.07870660000000029 34560000
800 0.08518489999999979 61440000
1000 0.0994982000000002 96000000
2000 0.24902930000000012 384000000
5000 1.2702864999999992 2400000000
