2 0.016182499999999322 768
5 7.340000000510827e-05 4800
10 3.860000000344144e-05 19200
12 4.1799999998204385e-05 27648
15 3.530000000040445e-05 43200
20 0.0001889999999988845 76800
30 0.00033880000000152677 172800
40 0.0005126000000004183 307200
45 0.0006356000000025119 388800
50 0.000920399999998267 480000
55 0.0015399000000044794 580800
60 0.0013623999999978764 691200
75 0.003045499999998924 1080000
100 0.007697999999997762 1920000
125 0.011828000000001282 3000000
160 0.01187569999999738 4915200
200 0.018761599999997713 7680000
250 0.026421500000004983 12000000
350 0.0423468999999983 23520000
500 0.053549199999999075 48000000
600 0.05867150000000265 69120000
800 0.08592279999999874 122880000
1000 0.09118829999999889 192000000
2000 0.3037343000000021 768000000
5000 2.536986899999995 4800000000
