2 0.008355299999998067 192
5 7.22000000052958e-05 1200
10 0.00013650000000353657 4800
12 0.00011159999999676984 6912
15 0.00020869999999462152 10800
20 0.0002745999999973492 19200
30 0.0006040000000027135 43200
40 0.0009725000000031514 76800
45 0.001198099999996316 97200
50 0.0012878000000000611 120000
55 0.0022681000000019935 145200
60 0.0019067000000063672 172800
75 0.0031783000000018546 270000
100 0.005285899999996957 480000
125 0.008825599999994438 750000
160 0.0166691999999955 1228800
200 0.028065200000000345 1920000
250 0.04251960000000565 3000000
350 0.056040000000002976 5880000
500 0.06720550000000003 12000000
600 0.07147510000000068 17280000
800 0.08108099999999752 30720000
1000 0.09716510000000511 48000000
2000 0.23754399999999976 192000000
5000 1.2194651999999948 1200000000
