2 0.00019659999999999123 768
5 5.829999999984459e-05 4800
10 5.1600000000151525e-05 19200
12 6.439999999985346e-05 27648
15 4.880000000007101e-05 43200
20 0.0008610000000000007 76800
30 0.0015729999999998245 172800
40 0.002416300000000149 307200
45 0.002184600000000092 388800
50 0.0031236999999999515 480000
55 0.00364169999999997 580800
60 0.0036659000000001107 691200
75 0.007518099999999972 1080000
100 0.01329199999999986 1920000
125 0.015180200000000088 3000000
160 0.021188399999999996 4915200
200 0.026107399999999892 7680000
250 0.030991799999999792 12000000
350 0.04308170000000011 23520000
500 0.054880599999999946 48000000
600 0.05518590000000012 69120000
800 0.07712810000000014 122880000
1000 0.0841482 192000000
2000 0.31396250000000014 768000000
5000 2.6109042000000002 4800000000
