2 0.01617999999999853 768
5 7.550000000122736e-05 4800
10 3.829999999993561e-05 19200
12 4.669999999862284e-05 27648
15 3.339999999951715e-05 43200
20 0.00023380000000372547 76800
30 0.00036519999999740094 172800
40 0.0005489999999994666 307200
45 0.0006434999999953561 388800
50 0.000938399999995454 480000
55 0.0010131000000015433 580800
60 0.0018358000000020525 691200
75 0.0027582000000023754 1080000
100 0.00821200000000033 1920000
125 0.009387900000000116 3000000
160 0.011682199999995646 4915200
200 0.020835699999999235 7680000
250 0.03519200000000211 12000000
350 0.04275340000000227 23520000
500 0.048107699999995646 48000000
600 0.05564780000000269 69120000
800 0.08356990000000053 122880000
1000 0.10070919999999717 192000000
2000 0.3063240000000036 768000000
5000 2.5161633000000023 4800000000
