2 0.008222899999999811 192
5 7.459999999959166e-05 1200
10 0.00014839999999871623 4800
12 9.53999999993016e-05 6912
15 0.0002631999999991308 10800
20 0.0002738000000004348 19200
30 0.0006496000000009161 43200
40 0.0011054999999995374 76800
45 0.001390199999999453 97200
50 0.0016750000000005372 120000
55 0.0019530999999997078 145200
60 0.0018823999999995067 172800
75 0.0029194999999990756 270000
100 0.006010899999999708 480000
125 0.008294599999999264 750000
160 0.013223699999999283 1228800
200 0.030495199999998945 1920000
250 0.033239599999999925 3000000
350 0.04289590000000132 5880000
500 0.06205329999999876 12000000
600 0.07679539999999996 17280000
800 0.08096010000000042 30720000
1000 0.08891989999999872 48000000
2000 0.22995769999999993 192000000
5000 1.2636042000000014 1200000000
