2 0.00022265999999997453
5 0.00014971999999999764
10 0.0006079599999999852
12 0.0008283799999999842
15 0.0010521599999999687
20 0.001956380000000002
30 0.004183160000000008
40 0.004226359999999985
45 0.005155279999999984
50 0.003883520000000007
55 0.004068720000000026
60 0.004142519999999994
75 0.00564119999999999
100 0.007857720000000023
125 0.009923079999999996
160 0.012797179999999964
200 0.01629693999999997
250 0.019268039999999997
350 0.027066739999999978
500 0.0376720800000002
600 0.043927119999999945
800 0.05658056000000009
1000 0.06483460000000019
2000 0.1825304600000001
5000 1.007612139999999
10000 5.385957379999996
