2 0.00016587999999997382
5 0.00012169999999998016
10 0.0001764800000000122
12 0.000129179999999951
15 9.698000000000207e-05
20 0.0001485400000000192
30 0.00037911999999999945
40 0.0006323000000000078
45 0.0008210599999999956
50 0.0006940800000000191
55 0.0007659800000000327
60 0.0008122799999999763
75 0.00014534000000008263
100 0.0004837000000000646
125 0.0010595400000000589
160 0.0007015400000000227
200 0.0008016000000000024
250 0.003135760000000065
350 0.008404380000000256
500 0.019311779999999956
600 0.02740678000000001
800 0.047129919999999895
1000 0.07453339999999997
2000 0.3901434199999999
5000 1.7265682000000004
10000 7.973379899999992
