2 0.0001642399999999933
5 0.0001758999999999844
10 0.0007036200000000159
12 0.0007507600000000059
15 0.0009718200000000232
20 0.0013939600000000274
30 0.0020949799999999907
40 0.0023980400000000123
45 0.002778420000000015
50 0.0042674599999999565
55 0.0031849199999999024
60 0.002032479999999959
75 0.0027068999999999566
100 0.009268339999999986
125 0.004496339999999988
160 0.010559439999999976
200 0.024447379999999973
250 0.008671219999999957
350 0.021692780000000144
500 0.04323372000000001
600 0.03198194000000019
800 0.046552479999999986
1000 0.06876739999999995
2000 0.2511169799999996
5000 1.904293860000001
10000 12.417042480000001
