2 0.00013390000000002011
5 9.409999999998586e-05
10 0.00022026000000003877
12 0.00020532000000001994
15 0.00019449999999998635
20 0.0003985200000000022
30 0.00046090000000000855
40 0.0006653800000000043
45 0.0007530399999999604
50 0.000553300000000001
55 0.000486159999999991
60 0.00045589999999995356
75 0.0006679200000000663
100 0.0009801799999999527
125 0.0010821199999999642
160 0.0017179599999999962
200 0.002255980000000024
250 0.002426079999999953
350 0.004743880000000011
500 0.007250080000000025
600 0.01048133999999994
800 0.01748877999999987
1000 0.03478494000000012
2000 0.1458348000000001
5000 0.8549529000000007
10000 4.401020280000003
