2 5.353999999999637e-05
5 5.147999999999264e-05
10 0.00041026000000001785
12 0.0005128999999999939
15 0.0006550399999999846
20 0.001077220000000012
30 0.001879379999999986
40 0.002174279999999995
45 0.002748700000000004
50 0.0020004799999999933
55 0.005484319999999964
60 0.0019406800000000058
75 0.0025208800000000144
100 0.0035432799999999707
125 0.004312680000000002
160 0.00565418000000002
200 0.007460639999999996
250 0.007819300000000019
350 0.023147059999999886
500 0.014717320000000011
600 0.023392579999999885
800 0.07516560000000024
1000 0.044716159999999935
2000 0.16485226000000033
5000 0.6713982000000008
10000 3.6037432000000025
