2 9.018000000002858e-05
5 8.150000000002322e-05
10 0.0002300399999999758
12 0.00022056000000001408
15 0.00021624000000000087
20 0.0004484200000000049
30 0.0004353400000000285
40 0.000689099999999998
45 0.0007820800000000183
50 0.0005139199999999455
55 0.0004630599999999596
60 0.0004545399999999589
75 0.0007003800000000115
100 0.0009846000000000021
125 0.0010762800000000184
160 0.0017259199999999808
200 0.002261859999999949
250 0.0024076600000000337
350 0.004659380000000102
500 0.007262919999999973
600 0.010373900000000002
800 0.01845806000000021
1000 0.044161220000000154
2000 0.15071110000000018
5000 0.8515957799999996
10000 4.4340357199999945
