2 3.8599999999999746e-05 0.00010079999999990097
5 1.580000000001025e-05 8.42999999999261e-05
10 2.230000000003063e-05 0.00024610000000002685
15 2.599999999997049e-05 0.00034009999999995433
20 2.2399999999977993e-05 0.0005188999999999888
30 2.1700000000013375e-05 0.0008696999999999733
45 2.6499999999929358e-05 0.002524300000000035
50 2.669999999993511e-05 0.0027263000000000703
60 3.580000000003025e-05 0.0027030999999999583
75 3.500000000000725e-05 0.0035361999999999894
125 6.459999999997024e-05 0.006063200000000046
160 0.00016319999999991897 0.00742340000000008
200 0.0004900999999999378 0.009637100000000065
250 0.000565600000000055 0.011218300000000125
350 0.0017255000000000464 0.01347940000000003
500 0.0033733000000000235 0.020069899999999974
600 0.004824999999999857 0.02989070000000016
800 0.00912460000000026 0.07044719999999982
1000 0.014896799999999821 0.08607189999999987
2000 0.07197799999999965 0.24847100000000033
5000 0.4828121999999979 1.7891209000000003
8000 1.3490278000000018 6.415395400000001
16000 6.937128099999995 47.993074500000006
