2 0.00025039999999998397 0.0013585000000000402
5 0.00025130000000006536 0.0008344999999999603
10 0.00026809999999999334 0.0013697999999999766
15 0.0003237999999999852 0.0018884999999999597
20 0.0003754000000000257 0.0024690000000000545
30 0.0005075999999999414 0.003707600000000033
45 0.0007423000000000846 0.005159699999999989
50 0.0008077000000000778 0.00577799999999995
60 0.0009506000000000236 0.006860900000000059
75 0.0012065999999999466 0.008496600000000076
125 0.0022539999999999782 0.014622600000000041
160 0.0031242999999999688 0.01926349999999999
200 0.004384499999999902 0.024373599999999995
250 0.006187700000000129 0.03151590000000004
350 0.011632199999999981 0.0457835000000002
500 0.02311810000000003 0.10678080000000012
600 0.03287400000000007 0.12054599999999982
800 0.0585808000000001 0.13045740000000006
1000 0.09023130000000013 0.17440290000000003
2000 0.7005683999999999 0.5110700000000001
5000 2.4497697999999986 2.407388300000001
8000 6.502574099999997 5.146220999999997
16000 22.859181799999988 38.79965290000001
