2 0.0023052999999999546 0.0014122000000000856
5 0.00038869999999990856 8.590000000008313e-05
10 0.0004638000000000142 8.419999999997874e-05
15 0.0005859000000000281 0.00011380000000005275
20 0.0007091999999999654 7.909999999999862e-05
30 0.0009270000000000111 8.120000000000349e-05
45 0.0013068000000000524 7.990000000002162e-05
50 0.001445099999999977 8.220000000003225e-05
60 0.001819000000000015 8.550000000007163e-05
75 0.0023060999999999776 8.76000000000765e-05
125 0.004340600000000028 9.060000000005175e-05
160 0.006117999999999957 0.000111200000000089
200 0.008635300000000012 0.0001042999999999461
250 0.023632700000000062 0.00010369999999992885
350 0.02305730000000006 0.0001154999999999351
500 0.11397349999999995 0.00018959999999990096
600 0.09057699999999991 0.0001450999999998981
800 0.13810879999999992 0.00018049999999991684
1000 0.1894083000000002 0.0002099999999995994
2000 0.9210289999999999 0.0002732000000005286
5000 4.8034621999999985 0.00043940000000119994
8000 12.050885100000002 0.0006276999999954569
16000 48.9783159 0.0010547999999914737
