2 6.610000000006888e-05 0.0002850999999999271
5 3.529999999996036e-05 9.60000000005401e-06
10 3.609999999998337e-05 6.7000000000261295e-06
15 3.710000000001212e-05 6.600000000078765e-06
20 4.5899999999932106e-05 6.500000000020378e-06
30 4.199999999998649e-05 1.0300000000018628e-05
45 4.740000000003075e-05 1.580000000001025e-05
50 6.269999999997111e-05 1.5499999999946112e-05
60 6.8000000000068e-05 2.2199999999972242e-05
75 9.420000000004425e-05 0.0008304999999999563
125 0.00027359999999998497 0.00020010000000003636
160 0.0004064999999999763 0.00027169999999998584
200 0.0010337000000000263 0.0002611000000000141
250 0.0017716999999999317 0.0006922000000000317
350 0.0035167999999998756 0.002074499999999979
500 0.006610100000000063 0.00466309999999992
600 0.00983859999999992 0.006685199999999947
800 0.018159899999999674 0.013214300000000012
1000 0.02949350000000006 0.019546399999999853
2000 0.17403270000000015 0.06957179999999985
5000 1.0415906000000001 0.7620671000000003
8000 2.8314306999999985 3.3162127000000012
16000 14.023254699999995 29.635866800000002
