2 0.0005180999999999658 0.0026135999999999937
5 0.00018169999999995134 7.190000000001362e-05
10 0.0002866999999999731 8.189999999996811e-05
15 0.00029769999999995633 0.0002596000000000265
20 0.00035519999999999996 7.570000000001187e-05
30 0.00046250000000003233 9.530000000002037e-05
45 0.0007133000000000278 0.00012039999999990947
50 0.0007759000000000515 8.639999999993098e-05
60 0.0009423000000000625 8.529999999995486e-05
75 0.0011779999999999013 0.00010330000000002837
125 0.002271300000000087 0.00012739999999999974
160 0.0031314000000000064 0.00016020000000005474
200 0.0043887999999999705 0.0001586999999999561
250 0.0061763000000001345 0.00021689999999985332
350 0.011620100000000022 0.0002899000000000651
500 0.025132900000000014 0.0003465999999998637
600 0.032984899999999984 0.00038730000000009035
800 0.05893820000000005 0.0004407999999997969
1000 0.0897291 0.0005589999999999762
2000 0.3568328000000003 0.0009046999999995364
5000 2.3543857999999993 0.0022616999999982568
8000 5.727856999999993 0.003791000000006761
16000 23.189888600000018 0.008056100000004562
