2 6.309999999998261e-05 0.005969499999999961
5 2.160000000006601e-05 7.170000000000787e-05
10 2.0800000000043006e-05 0.0004906999999999551
15 2.2100000000024878e-05 0.00043640000000000345
20 2.1900000000019126e-05 0.0007111000000000756
30 2.4299999999977118e-05 0.001325400000000032
45 2.7700000000074887e-05 0.005099999999999993
50 2.9500000000015625e-05 0.008306299999999989
60 4.159999999997499e-05 0.005995100000000031
75 5.3499999999928605e-05 0.007612400000000075
125 6.990000000006713e-05 0.01407360000000002
160 0.0001578999999999331 0.018559199999999998
200 0.0005791000000000546 0.01981860000000002
250 0.0004546000000000827 0.045454299999999837
350 0.0017168999999999102 0.05576519999999996
500 0.004393700000000056 0.06532680000000002
600 0.005042600000000119 0.04286979999999985
800 0.009039500000000089 0.09888500000000011
1000 0.01495119999999961 0.10742170000000018
2000 0.07191159999999996 0.1978806000000004
5000 0.48316559999999953 0.9919688000000004
8000 1.352415899999997 2.9739403000000024
16000 6.857592399999987 25.333647299999996
