2 0.00014570000000002636 768
5 0.00023850000000003035 4800
10 0.0005937000000000303 19200
12 0.0004972999999999228 27648
15 0.0005284000000000955 43200
20 0.001113900000000001 76800
30 0.0011788999999999827 172800
40 0.0013681000000000942 307200
45 0.0019701000000000857 388800
50 0.0021959000000000284 480000
55 0.0013855999999998758 580800
60 0.002646699999999891 691200
75 0.0033360000000000056 1080000
100 0.004469399999999846 1920000
125 0.0059149999999998926 3000000
160 0.00848519999999997 4915200
200 0.014123900000000189 7680000
250 0.01438600000000001 12000000
350 0.02063219999999988 23520000
500 0.025814699999999968 48000000
600 0.04067540000000003 69120000
800 0.04699969999999998 122880000
1000 0.09664870000000003 192000000
2000 0.23742249999999965 768000000
5000 2.2828318999999997 4800000000
