2 0.019130900000000395 768
5 0.00020669999999967104 4800
10 0.00030780000000163454 19200
12 0.0004631000000046015 27648
15 0.0002921000000029039 43200
20 0.0006727999999966983 76800
30 0.00033309999999886486 172800
40 0.0011079000000009387 307200
45 0.0009439999999969473 388800
50 0.002447099999997704 480000
55 0.0015922999999986587 580800
60 0.0009884999999982824 691200
75 0.001443899999998166 1080000
100 0.04032919999999507 1920000
125 0.008194599999995944 3000000
160 0.047398099999995225 4915200
200 0.008185499999996182 7680000
250 0.008440399999997794 12000000
350 0.014368799999999737 23520000
500 0.029892699999997774 48000000
600 0.03596300000000241 69120000
800 0.04576699999999789 122880000
1000 0.068982400000003 192000000
2000 0.22753989999999646 768000000
5000 2.356271800000002 4800000000
