2 0.017448799999996822 768
5 0.000187299999993229 4800
10 0.0002667999999985682 19200
12 0.00014060000000171158 27648
15 0.00012129999999643815 43200
20 0.0007026999999979466 76800
30 0.000801199999997948 172800
40 0.0008776000000025874 307200
45 0.001010800000003087 388800
50 0.03689340000000385 480000
55 0.00243780000000271 580800
60 0.010469000000000506 691200
75 0.02456860000000205 1080000
100 0.011152900000006127 1920000
125 0.0335345000000018 3000000
160 0.034480399999999634 4915200
200 0.038170100000002094 7680000
250 0.06307849999999604 12000000
350 0.035128800000002514 23520000
500 0.046886600000000556 48000000
600 0.09898299999999693 69120000
800 0.05790479999999576 122880000
1000 0.07034319999999639 192000000
2000 0.30121620000000604 768000000
5000 2.2785010999999997 4800000000
