2 0.019163900000000567 768
5 0.00022780000000022227 4800
10 0.0003181000000003209 19200
12 0.00034959999999983893 27648
15 0.00044540000000026225 43200
20 0.0005363000000002671 76800
30 0.0013610999999995599 172800
40 0.0010944999999997762 307200
45 0.0008232999999995272 388800
50 0.0009626000000002577 480000
55 0.0005927999999997269 580800
60 0.0006811000000004341 691200
75 0.0009666999999993209 1080000
100 0.03806000000000065 1920000
125 0.04359849999999987 3000000
160 0.028002700000000047 4915200
200 0.008578100000000255 7680000
250 0.013260400000000061 12000000
350 0.02425340000000009 23520000
500 0.033485999999999905 48000000
600 0.03184319999999996 69120000
800 0.052022200000000574 122880000
1000 0.06080180000000013 192000000
2000 0.22946480000000058 768000000
5000 2.265353000000001 4800000000
