2 0.01819760000000059 768
5 0.00023090000000003386 4800
10 0.0003840999999997763 19200
12 0.0004036000000002815 27648
15 0.00041099999999971715 43200
20 0.00037369999999903314 76800
30 0.0016097999999988843 172800
40 0.0015639000000007286 307200
45 0.0020346999999993898 388800
50 0.0019922000000001105 480000
55 0.0026321999999989742 580800
60 0.002112099999999728 691200
75 0.0017761000000007243 1080000
100 0.03819050000000068 1920000
125 0.039760299999999305 3000000
160 0.015533500000000089 4915200
200 0.01272280000000059 7680000
250 0.013977000000000572 12000000
350 0.019341499999999456 23520000
500 0.035485999999998796 48000000
600 0.03432800000000036 69120000
800 0.05750270000000057 122880000
1000 0.06364450000000055 192000000
2000 0.22863140000000115 768000000
5000 2.2701507999999997 4800000000
