2 0.01856769999999841 768
5 0.00021669999999573974 4800
10 0.0003187999999951785 19200
12 0.0005051999999992063 27648
15 0.0005597000000037156 43200
20 0.0010037000000053808 76800
30 0.0013719999999963761 172800
40 0.0014198000000007482 307200
45 0.001576599999999928 388800
50 0.0014027999999939311 480000
55 0.0019524000000004094 580800
60 0.002987099999998577 691200
75 0.0033628999999990583 1080000
100 0.004519999999999413 1920000
125 0.00683679999999498 3000000
160 0.12239979999999662 4915200
200 0.0117059000000026 7680000
250 0.014267800000006048 12000000
350 0.021354100000003484 23520000
500 0.023579699999999093 48000000
600 0.033442600000000766 69120000
800 0.053112799999993854 122880000
1000 0.07139749999999623 192000000
2000 0.22785499999999814 768000000
5000 2.263342899999998 4800000000
