2 0.01735400000000098 768
5 0.00014219999999909305 4800
10 0.00029100000000070736 19200
12 0.0005440999999990481 27648
15 0.00048509999999879483 43200
20 0.0007492000000013377 76800
30 0.0009148000000003265 172800
40 0.0013487999999988176 307200
45 0.0015071999999989316 388800
50 0.0008338000000023271 480000
55 0.000578900000000715 580800
60 0.0006875000000015064 691200
75 0.0008814000000008093 1080000
100 0.024457399999999296 1920000
125 0.006355700000000297 3000000
160 0.06184450000000297 4915200
200 0.009045499999999151 7680000
250 0.010373999999998773 12000000
350 0.017720799999999315 23520000
500 0.03881319999999988 48000000
600 0.0713072999999973 69120000
800 0.04390969999999683 122880000
1000 0.057786799999998806 192000000
2000 0.22577809999999943 768000000
5000 2.2913685999999984 4800000000
