2 0.01819980000000143 768
5 0.000346800000002645 4800
10 0.00046440000000202986 19200
12 0.0005486999999995135 27648
15 0.0004913999999978103 43200
20 0.0006620999999995547 76800
30 0.0010457999999999856 172800
40 0.0015575000000005446 307200
45 0.001513499999997947 388800
50 0.0020050000000004786 480000
55 0.0023057000000008543 580800
60 0.0020337999999995304 691200
75 0.0029804999999996085 1080000
100 0.009085400000000021 1920000
125 0.006011499999999614 3000000
160 0.06400509999999926 4915200
200 0.012970100000000429 7680000
250 0.013499299999999437 12000000
350 0.018220299999999412 23520000
500 0.08264249999999862 48000000
600 0.02879819999999711 69120000
800 0.0424024999999979 122880000
1000 0.06606359999999967 192000000
2000 0.23820759999999908 768000000
5000 2.3618071000000036 4800000000
