2 0.01880759999999526 768
5 0.00029070000000075424 4800
10 0.00040719999999794254 19200
12 0.00043959999999998445 27648
15 0.0005121000000016807 43200
20 0.0004259999999973729 76800
30 0.0005643999999946914 172800
40 0.0011860999999981914 307200
45 0.0018004000000004794 388800
50 0.0018557000000001267 480000
55 0.001837000000001865 580800
60 0.0019978999999992197 691200
75 0.0027137000000010403 1080000
100 0.0033052999999938493 1920000
125 0.07624650000000344 3000000
160 0.015857400000001576 4915200
200 0.01024070000000421 7680000
250 0.012115999999998905 12000000
350 0.026785399999994297 23520000
500 0.033214100000002134 48000000
600 0.03492609999999985 69120000
800 0.07108920000000296 122880000
1000 0.06370809999999949 192000000
2000 0.22323610000000116 768000000
5000 2.294000099999998 4800000000
