2 0.01720390000000549 768
5 0.00022639999999540805 4800
10 0.00027749999999571173 19200
12 0.0004041999999984114 27648
15 0.00022399999999578313 43200
20 0.000560399999997685 76800
30 0.0017426000000000386 172800
40 0.0010788000000019338 307200
45 0.0010399999999961551 388800
50 0.0005655000000004407 480000
55 0.0005830000000059954 580800
60 0.0007026000000038835 691200
75 0.0018068000000042161 1080000
100 0.01560479999999842 1920000
125 0.0069406000000000745 3000000
160 0.06487659999999806 4915200
200 0.01960189999999784 7680000
250 0.012676299999995422 12000000
350 0.017377000000003306 23520000
500 0.03555109999999928 48000000
600 0.04034329999999642 69120000
800 0.05478740000000215 122880000
1000 0.05974180000000473 192000000
2000 0.23178620000000194 768000000
5000 2.293294599999996 4800000000
