2 0.05184660000000463 96
5 1.7199999987838055e-05 600
10 4.300000000512227e-06 2400
12 4.200000006449045e-06 3456
15 4.500000002849447e-06 5400
20 4.500000002849447e-06 9600
30 8.999999991488039e-06 21600
40 9.69999999256288e-06 38400
45 1.1299999997049781e-05 48600
50 1.9199999996999395e-05 60000
55 1.6800000011585325e-05 72600
125 0.00016490000000146665 375000
160 0.00019640000000720192 614400
200 0.00023930000000405016 960000
250 0.00041329999999106803 1500000
350 0.0010464000000069973 2940000
500 0.0024465999999989663 6000000
600 0.003950099999997292 8640000
800 0.009059100000001763 15360000
1000 0.013746800000006942 24000000
2000 0.08715510000000393 96000000
5000 1.3955962 600000000
10000 10.3732155 2400000000
