2 0.051822899999997674 96
5 1.5500000003498826e-05 600
10 4.4999999957440195e-06 2400
12 1.089999999948077e-05 3456
15 6.3999999966313226e-06 5400
20 5.099999995650251e-06 9600
30 9.499999997331088e-06 21600
40 1.0000000003174137e-05 38400
45 1.1400000005323818e-05 48600
50 1.8699999998261774e-05 60000
55 1.699999999971169e-05 72600
125 0.00021869999999779566 375000
160 0.00024179999999773827 614400
200 0.000282699999999636 960000
250 0.00035590000000240707 1500000
350 0.0009735000000006266 2940000
500 0.00249459999999857 6000000
600 0.0042508999999952835 8640000
800 0.008288200000002632 15360000
1000 0.014757299999999418 24000000
2000 0.08870919999999671 96000000
5000 1.3683085999999989 600000000
10000 10.397672299999996 2400000000
