2 0.05272429999999417 96
5 1.880000000653581e-05 600
10 4.599999996912629e-06 2400
12 1.0199999991300501e-05 3456
15 4.599999996912629e-06 5400
20 4.39999999457541e-06 9600
30 8.899999997424857e-06 21600
40 1.3199999997937084e-05 38400
45 1.2100000006398659e-05 48600
50 1.8900000000598993e-05 60000
55 1.6400000006910886e-05 72600
125 0.00023029999999835127 375000
160 0.00024430000000563723 614400
200 0.000255600000002687 960000
250 0.00039970000000266737 1500000
350 0.0010029999999972006 2940000
500 0.0024468000000013035 6000000
600 0.003855900000004908 8640000
800 0.007706800000008229 15360000
1000 0.013839099999998439 24000000
2000 0.08911759999999447 96000000
5000 1.372641299999998 600000000
10000 10.364125299999984 2400000000
