2 3.720000000007051e-05 96
5 5.799999999944738e-06 600
10 4.39999999990448e-06 2400
12 3.6999999999398625e-06 3456
15 1.0300000000018628e-05 5400
20 5.399999999933236e-06 9600
30 1.3099999999988121e-05 21600
40 1.0600000000082765e-05 38400
45 1.2699999999976619e-05 48600
50 1.929999999994436e-05 60000
55 1.7700000000009375e-05 72600
125 0.0003081999999999807 375000
160 0.00026599999999998847 614400
200 0.0003197999999999812 960000
250 0.00042359999999996845 1500000
350 0.0011997000000000257 2940000
500 0.0023323999999999012 6000000
600 0.0037380999999999664 8640000
800 0.007114799999999977 15360000
1000 0.013163399999999936 24000000
2000 0.08709479999999992 96000000
5000 1.1752000000000002 600000000
10000 8.935827100000001 2400000000
