2 0.05196429999999985 96
5 1.589999999929148e-05 600
10 4.199999999343618e-06 2400
12 4.39999999990448e-06 3456
15 4.9000000004184585e-06 5400
20 4.39999999990448e-06 9600
30 8.600000001024455e-06 21600
40 9.000000000369823e-06 38400
45 1.2200000000461841e-05 48600
50 1.81000000001319e-05 60000
55 1.5799999999899228e-05 72600
125 0.0001981999999998152 375000
160 0.0003054999999996255 614400
200 0.00032079999999901077 960000
250 0.00039950000000033015 1500000
350 0.0009481000000004514 2940000
500 0.002558499999999242 6000000
600 0.004073200000000554 8640000
800 0.007694700000000054 15360000
1000 0.014151999999999276 24000000
2000 0.09234769999999948 96000000
5000 1.2251361999999997 600000000
10000 10.446734699999997 2400000000
