2 0.05140360000000044 96
5 1.6200000004573667e-05 600
10 4.39999999457541e-06 2400
12 1.0299999999574538e-05 3456
15 7.899999999949614e-06 5400
20 4.8000000134607035e-06 9600
30 9.999999988963282e-06 21600
40 9.800000000836917e-06 38400
45 1.1200000002986599e-05 48600
50 1.8900000000598993e-05 60000
55 1.650000000097407e-05 72600
125 0.00025710000001311073 375000
160 0.0002151000000054637 614400
200 0.00021800000000382624 960000
250 0.00034780000000012024 1500000
350 0.0010029999999972006 2940000
500 0.002474300000002927 6000000
600 0.004112800000001471 8640000
800 0.007626500000000647 15360000
1000 0.014090400000000614 24000000
2000 0.08708130000000835 96000000
5000 1.3740934000000067 600000000
10000 10.422186699999997 2400000000
