2 0.051993400000000634 96
5 1.599999999513102e-05 600
10 4.300000000512227e-06 2400
12 1.1100000001817989e-05 3456
15 4.799999999249849e-06 5400
20 4.400000001680837e-06 9600
30 8.800000003361674e-06 21600
40 9.900000002005527e-06 38400
45 1.1300000004155208e-05 48600
50 1.9200000004104822e-05 60000
55 1.670000000331129e-05 72600
125 0.00021810000000499485 375000
160 0.0002004999999982715 614400
200 0.00023980000000278778 960000
250 0.0003949999999974807 1500000
350 0.001169699999998386 2940000
500 0.002350199999995084 6000000
600 0.0037695000000042 8640000
800 0.007893900000006226 15360000
1000 0.014468199999996045 24000000
2000 0.08987400000000179 96000000
5000 1.3868893 600000000
10000 10.50734 2400000000
