2 0.05162059999999258 96
5 1.6600000009248106e-05 600
10 4.799999999249849e-06 2400
12 1.1499999999387e-05 3456
15 6.299999995462713e-06 5400
20 4.700000005186666e-06 9600
30 8.999999991488039e-06 21600
40 9.500000004436515e-06 38400
45 1.1400000005323818e-05 48600
50 2.0300000002748675e-05 60000
55 1.6900000005648508e-05 72600
125 0.0002323000000075126 375000
160 0.00017820000000767777 614400
200 0.00020689999999490283 960000
250 0.00039069999999696847 1500000
350 0.001069899999990298 2940000
500 0.002495699999997214 6000000
600 0.0042662000000035505 8640000
800 0.008067299999993338 15360000
1000 0.013423500000001809 24000000
2000 0.08766649999999743 96000000
5000 1.3665577000000013 600000000
10000 10.390342000000004 2400000000
