2 0.05262840000000324 96
5 1.659999999503725e-05 600
10 4.700000005186666e-06 2400
12 1.0499999987700903e-05 3456
15 6.2000000013995304e-06 5400
20 5.000000001587068e-06 9600
30 8.899999997424857e-06 21600
40 9.8999999949001e-06 38400
45 1.1100000008923416e-05 48600
50 1.900000000887303e-05 60000
55 1.6400000006910886e-05 72600
125 0.0002351999999916643 375000
160 0.0001956000000120639 614400
200 0.0002517000000068492 960000
250 0.0003868000000011307 1500000
350 0.0009610000000037644 2940000
500 0.0024922000000060507 6000000
600 0.004364700000010657 8640000
800 0.008070099999997637 15360000
1000 0.013805400000009627 24000000
2000 0.08822990000000175 96000000
5000 1.3726926000000077 600000000
10000 10.477108099999995 2400000000
