2 0.053228700000001794 96
5 1.699999999971169e-05 600
10 4.299999996959514e-06 2400
12 1.0199999998405929e-05 3456
15 6.30000000256814e-06 5400
20 5.50000000032469e-06 9600
30 9.699999999668307e-06 21600
40 8.400000002239949e-06 38400
45 1.2800000000368073e-05 48600
50 1.8700000001814487e-05 60000
55 1.6699999999758575e-05 72600
125 0.00019969999999958077 375000
160 0.0001927999999971064 614400
200 0.00025079999999988445 960000
250 0.0003621999999978698 1500000
350 0.0010599000000013348 2940000
500 0.0029023000000023558 6000000
600 0.004078200000002141 8640000
800 0.008407999999999305 15360000
1000 0.013508399999999199 24000000
2000 0.09029280000000028 96000000
5000 1.3913785000000018 600000000
10000 10.435274300000003 2400000000
